0.00141
-0.0012
-0.00432
-0.0061
-0.0043
-0.00179
-0.00212
-0.00302
-5.14858E-4
0.00314
0.00159
-0.00551
-0.01089
-0.00949
-0.00406
3.88946E-5
7.14461E-4
-9.55486E-4
-0.00268
-0.00268
-0.00175
-0.00189
-0.00204
7.57026E-4
0.00486
0.00478
2.73302E-5
-0.00372
-0.00333
-5.97685E-4
0.00238
0.00325
2.63135E-4
-0.00319
-0.00328
-0.00225
-0.00205
-0.00121
-4.93739E-4
-5.74006E-4
2.25433E-4
7.56914E-4
-0.00115
-0.00426
-0.00742
-0.01021
-0.00986
-0.00564
-0.00216
-0.00253
-0.00355
-0.00132
0.00267
0.00463
0.00407
0.00222
-0.00159
-0.00778
-0.0126
-0.01158
-0.00624
-0.00218
-0.0015
-0.00172
-0.0014
-0.00163
-0.0018
3.17459E-4
0.00427
0.00717
0.00701
0.00429
4.98664E-4
-0.00407
-0.00887
-0.01152
-0.01067
-0.00783
-0.00524
-0.00434
-0.00451
-0.00436
-0.00461
-0.00625
-0.00911
-0.01306
-0.01644
-0.01619
-0.01225
-0.00852
-0.00938
-0.01458
-0.01722
-0.01251
-0.00616
-0.00529
-0.00741
-0.00666
-0.00403
-0.00428
-0.00821
-0.01411
-0.01862
-0.01503
-0.00332
0.00565
0.00584
4.69529E-4
-0.00533
-0.00427
0.00195
0.00107
-0.00404
-2.11748E-4
0.00955
0.01417
0.01167
0.0062
0.00285
0.00437
0.00748
0.00789
0.00546
0.00109
-0.00277
-0.00104
0.00607
0.01007
0.00546
-0.00103
6.40363E-4
0.00821
0.01183
0.00988
0.00687
0.0032
-9.01479E-4
-0.00197
5.01887E-4
0.00257
-0.00216
-0.0148
-0.02485
-0.02127
-0.00555
0.00215
-0.01363
-0.03187
-0.0253
-0.00163
0.00851
-0.00633
-0.01957
-0.01061
0.00365
0.00516
0.00166
0.00501
0.01039
0.00832
6.07842E-4
-0.00616
-0.00928
-0.00834
-0.0054
-0.00417
-0.00484
-0.00358
0.00236
0.01021
0.0138
0.01203
0.01039
0.01239
0.01531
0.01433
0.00944
0.00651
0.00807
0.00769
7.58923E-4
-0.00636
-0.00708
-0.00477
-0.00425
-0.00438
-0.00287
-1.03549E-4
0.00264
0.00379
-0.00336
-0.02087
-0.03293
-0.02418
-0.00212
0.00728
-0.00585
-0.01524
-0.00439
0.00575
-1.15072E-4
-0.00846
-0.00424
0.00684
0.00964
0.00214
-0.005
-0.00643
-0.004
0.00127
0.00254
-0.00645
-0.01449
-0.00908
0.00317
0.00508
-0.00665
-0.01288
-0.00328
0.00654
0.00378
-0.00351
-0.0033
0.00369
0.0083
0.00489
-0.00405
-0.0113
-0.00998
4.99266E-4
0.00741
0.00116
-0.00334
0.00792
0.02338
0.03092
0.03722
0.05034
0.0658
0.07661
0.08244
0.08572
0.0855
0.0778
0.06296
0.04746
0.03361
0.01773
0.00209
-0.00684
-0.01061
-0.0146
-0.01779
-0.01653
-0.01136
-0.0053
-0.00125
-0.00318
-0.00907
-0.01034
-0.01564
-0.03977
-0.06617
-0.06077
-0.01888
0.00261
-0.03926
-0.08094
-0.05747
-0.00528
0.01754
0.00996
0.00683
0.01828
0.02358
0.01623
0.00852
0.00697
0.00879
0.00851
0.00371
-0.00258
-0.00827
-0.01055
-0.00572
-0.0092
-0.03445
-0.05526
-0.0423
-0.00824
0.00127
-0.03041
-0.05056
-0.02336
0.01187
0.02221
0.0259
0.04208
0.0614
0.06871
0.06389
0.05721
0.05611
0.05854
0.05921
0.05917
0.06105
0.06099
0.05647
0.05229
0.05058
0.0459
0.03392
0.01647
-0.00189
-0.01771
-0.02983
-0.03729
-0.03502
-0.02184
-0.01451
-0.02708
-0.04437
-0.04295
-0.02098
-0.00407
-0.01125
-0.02025
-0.0111
-0.00157
-0.0059
-0.01434
-0.01574
-0.00791
0.00686
0.02428
0.03906
0.04775
0.05086
0.05041
0.0461
0.03584
0.01906
4.16072E-5
-0.01531
-0.03105
-0.05288
-0.06937
-0.06001
-0.02511
-0.00966
-0.04289
-0.07211
-0.05055
-0.01221
-0.00459
-0.02536
-0.04019
-0.03058
-0.01158
-0.0236
-0.0612
-0.03016
0.07143
0.0825
-0.03658
-0.11707
-0.07036
0.00852
0.03898
0.04376
0.05119
0.05108
0.03812
0.02447
0.0176
0.01605
0.01783
0.02072
0.01894
0.00573
-0.01801
-0.04176
-0.04597
-0.02246
-0.01762
-0.0674
-0.10805
-0.07725
-0.01358
0.00474
-0.03704
-0.06994
-0.04777
-0.00735
-0.00367
-0.03887
-0.05976
-0.03734
-0.00372
0.00531
-0.00837
-0.01974
-0.01623
-0.00512
0.00273
0.00396
0.00631
0.01172
0.00673
-0.0145
-0.03999
-0.06055
-0.06114
-0.02177
0.00723
-0.03599
-0.0857
-0.06097
-9.48909E-4
0.01848
-0.00835
-0.02127
0.00573
0.03109
0.03087
0.02493
0.02565
0.02525
0.01936
0.01173
0.0057
0.00293
0.00424
0.00784
0.01014
0.00976
0.00873
0.00868
0.0098
0.01364
0.02133
0.02964
0.03463
0.03674
0.0392
0.04431
0.05239
0.06198
0.07211
0.08366
0.09364
0.09165
0.07287
0.04812
0.02732
0.00459
-0.02541
-0.0436
-0.0278
-0.00709
-0.02202
-0.04093
-0.02227
0.00763
0.01492
0.00713
3.84173E-4
-0.00219
-0.0017
-0.00119
-0.00598
-0.01561
-0.0197
-0.01318
-0.01456
-0.03653
-0.05507
-0.0448
-0.01386
-6.74587E-5
-0.02153
-0.03446
-0.00571
0.03082
0.04258
0.04057
0.04133
0.04154
0.03138
0.01012
-0.015
-0.03916
-0.04803
-0.02396
-0.00868
-0.04968
-0.08917
-0.06313
-0.00898
0.01037
-0.00846
-0.01999
-0.00617
0.00477
-2.58801E-4
-0.00634
-0.00543
-0.00212
3.41046E-4
0.00261
0.00629
0.01438
0.02784
0.04138
0.04883
0.04891
0.04346
0.03395
0.02011
0.00325
-0.01053
-0.01753
-0.01861
-0.01285
-0.00635
-0.00829
-0.00874
0.00389
0.01908
0.02382
0.01972
0.01523
0.01582
0.01872
0.01684
0.01031
0.00572
0.00545
0.00719
0.01055
0.01767
0.02753
0.03408
0.03383
0.02949
0.0225
0.0112
-0.00167
-0.00914
-0.01029
-0.01412
-0.02804
-0.03822
-0.02547
-0.01832
-0.05155
-0.08492
-0.06612
-0.01689
-0.01168
-0.07356
-0.12049
-0.08686
-0.01615
0.00189
-0.05697
-0.11229
-0.09023
-0.0172
0.01587
-0.02666
-0.05771
-0.01151
0.05705
0.09314
0.10861
0.11963
0.11096
0.07285
0.04751
0.06893
0.09131
0.07909
0.06722
0.0736
0.07427
0.06241
0.05189
0.04668
0.04453
0.04875
0.06008
0.06379
0.04651
0.03975
0.07584
0.11246
0.09741
0.04895
0.02781
0.05365
0.06901
0.03683
-0.00443
-0.02864
-0.05502
-0.08978
-0.09948
-0.06046
-0.02705
-0.05877
-0.10459
-0.08923
-0.03396
-0.01885
-0.06913
-0.11767
-0.11002
-0.05378
0.03127
0.10029
0.10657
0.07509
0.0421
-0.01957
-0.10404
-0.13496
-0.09067
-0.02817
-0.01652
-0.07213
-0.11943
-0.09287
-0.02667
-0.00263
-0.04383
-0.07588
-0.04862
-0.00935
-0.00992
-0.04087
-0.06207
-0.05152
-0.01977
-0.01202
-0.05297
-0.08531
-0.05803
-0.00887
-0.00525
-0.05378
-0.08879
-0.06471
-0.01179
0.00499
-0.03244
-0.06151
-0.03943
-0.00214
0.01354
0.01321
0.01512
0.02116
0.0212
0.01328
0.00449
0.00162
0.0083
0.02357
0.04147
0.05368
0.05447
0.0458
0.0358
0.03028
0.02821
0.0267
0.02623
0.0298
0.03875
0.04761
0.04495
0.02938
0.01871
0.02713
0.04477
0.05427
0.04989
0.03322
0.01039
-0.0067
-0.01106
-0.0078
-0.00497
-0.0044
-0.00279
0.00239
0.0078
0.00553
-0.00835
-0.02659
-0.03853
-0.03648
-0.01973
-0.01712
-0.05183
-0.08345
-0.06594
-0.01833
-0.00105
-0.03491
-0.0637
-0.04433
-0.00705
0.00395
-0.00942
-0.00509
0.03279
0.072
0.08765
0.08275
0.06382
0.0347
0.00381
-0.0224
-0.04974
-0.06473
-0.01648
0.06303
0.03588
-0.08907
-0.13679
-0.06786
0.00111
0.00527
-0.02615
-0.03966
-0.02119
7.91301E-4
0.01133
0.02332
0.04543
0.06131
0.05384
0.05702
0.10455
0.14418
0.11839
0.05895
0.03654
0.06061
0.06582
0.02434
-0.01541
-0.02581
-0.02609
-0.02634
-0.01626
0.00845
0.03625
0.05161
0.04765
0.02602
-0.00538
-0.03112
-0.03739
-0.02599
-0.01179
-0.00572
-0.00498
-0.00247
-2.12329E-4
-0.00563
-0.01606
-0.01695
-0.00105
0.0185
0.02568
0.02311
0.02256
0.02474
0.02087
0.00897
-0.0015
-0.00411
-0.00451
-0.00886
-0.01458
-0.01679
-0.01474
-0.0124
-0.01557
-0.02239
-0.02393
-0.02623
-0.04526
-0.07438
-0.07919
-0.03824
-0.00437
-0.03215
-0.05614
-0.0105
0.04743
0.05762
0.04277
0.03704
0.03619
0.02639
0.01198
0.00175
-0.00816
-0.01843
-0.0184
-0.01439
-0.01682
-0.0053
0.03025
0.06164
0.0703
0.06381
0.04725
0.02155
-0.00319
-0.02087
-0.04022
-0.06606
-0.07318
-0.03908
-0.00313
0.01862
0.07537
0.12617
0.09081
0.03943
0.04423
0.00975
-0.08568
-0.09318
-0.02933
-0.05601
-0.13318
-0.11701
-0.00928
0.09012
0.09389
-0.00761
-0.10521
-0.08193
0.00969
0.03833
0.00642
-0.01166
-0.01074
-0.01408
-0.01363
4.01815E-4
0.01458
0.01535
0.00675
-0.00582
-0.02402
-0.03676
-0.0278
-0.01566
-0.02669
-0.03851
-0.0233
-9.45034E-5
0.00727
0.00575
0.00722
0.0087
0.00551
0.00177
2.12248E-4
-0.00383
-0.00923
-0.00534
0.01162
0.03436
0.05646
0.07375
0.07884
0.06924
0.0549
0.04412
0.03067
0.00542
-0.02924
-0.06295
-0.08366
-0.07623
-0.03949
-0.0069
-0.00372
-0.00617
0.00855
0.02828
0.0405
0.0436
0.03658
0.02315
0.00767
-0.0116
-0.03556
-0.05898
-0.06243
-0.03265
-0.01974
-0.07134
-0.12357
-0.098
-0.02566
-0.00146
-0.05529
-0.10735
-0.09458
-0.03259
0.05271
0.11933
0.10527
0.0178
-0.04316
-0.03027
-0.01404
-0.02718
-0.02749
-0.01315
-0.01169
-0.02128
-0.03023
-0.03097
-0.01585
-0.00667
-0.03079
-0.05739
-0.04507
-0.00948
0.00941
0.00331
4.29982E-4
0.01805
0.03748
0.03762
0.0221
0.00721
0.00148
4.65042E-4
-0.00458
-0.01281
-0.01456
-0.00939
-0.00684
-0.00718
-5.05354E-4
0.01273
0.01923
0.01731
0.01944
0.02674
0.03002
0.02919
0.02947
0.03216
0.03761
0.0437
0.04376
0.03532
0.02509
0.01949
0.01577
0.00899
0.00211
4.09229E-4
0.00255
0.0048
0.00816
0.01448
0.02019
0.02088
0.01632
0.00735
-0.00375
-0.01305
-0.02036
-0.02662
-0.02764
-0.0202
-0.01047
-0.00763
-0.00876
-5.8711E-4
0.01689
0.02818
0.03011
0.03359
0.04123
0.04807
0.05073
0.04654
0.03903
0.03665
0.03795
0.03321
0.02216
0.01529
0.01685
0.01974
0.0192
0.01801
0.01789
0.01671
0.01036
-0.00607
-0.03185
-0.05546
-0.05688
-0.02831
-0.00167
-0.00939
-0.02904
-0.02728
-0.00989
0.00158
-0.00316
-0.01485
-0.01572
-0.00768
-0.01205
-0.03414
-0.05457
-0.0528
-0.02468
-0.00437
-0.02422
-0.04454
-0.02194
0.01531
0.03494
0.04339
0.04244
0.02387
0.00158
-0.00298
0.00398
0.00499
0.00491
0.01509
0.0233
0.01114
-0.01408
-0.02477
-0.01218
-0.01679
-0.06753
-0.11343
-0.09162
-0.0186
0.01286
-0.04302
-0.09495
-0.06379
-0.00152
0.01892
0.00186
-0.0044
0.01467
0.03188
0.03102
0.0187
0.00605
0.00171
0.00576
0.0103
0.0111
0.01155
0.01527
0.02008
0.02203
0.02363
0.0296
0.03307
0.02332
0.00767
0.00247
0.00646
0.00714
0.00492
0.01076
0.02713
0.04351
0.04788
0.04043
0.03339
0.03289
0.02976
0.01612
-6.80502E-5
-0.00381
0.00882
0.02374
0.02502
0.01554
0.00905
0.01057
0.01566
0.01693
0.01002
0.00314
0.0117
0.03435
0.04975
0.04786
0.04448
0.05163
0.05675
0.04588
0.02746
0.01639
0.01096
0.00481
0.00333
0.00743
0.00627
4.15317E-4
0.00108
0.0046
0.00221
0.00169
0.00874
0.01278
0.00889
0.00441
0.00152
-0.00413
-0.01529
-0.02359
-0.01728
-0.0231
-0.06904
-0.10825
-0.08469
-0.02181
0.00647
-0.02599
-0.05796
-0.04141
-0.00472
0.00454
-0.02023
-0.03975
-0.02754
-0.00283
0.00178
-0.01736
-0.03076
-0.02081
-0.00103
-0.00576
-0.0465
-0.07039
-0.04073
0.00122
0.00789
-0.01585
-0.0331
-0.02587
-0.00881
3.78544E-5
-0.00392
-0.01341
-0.01446
-0.00346
-0.00146
-0.02062
-0.03541
-0.02277
0.00387
0.00598
-0.02862
-0.05147
-0.02723
0.00962
0.01087
-0.02385
-0.05553
-0.05073
-0.00796
0.02436
0.00491
-0.02004
-0.00438
0.01907
0.02181
0.01721
0.01252
0.0061
0.00595
0.00697
-0.00964
-0.03666
-0.04191
-0.00902
0.03207
0.04457
0.04942
0.07387
0.08839
0.06709
0.03459
0.0199
0.02071
0.02492
0.03239
0.04425
0.05169
0.04738
0.03637
0.02736
0.02367
0.02843
0.04355
0.0597
0.06517
0.05975
0.04909
0.04061
0.0421
0.04854
0.04485
0.02927
0.0138
5.72619E-4
-0.02144
-0.05597
-0.07068
-0.02061
0.03837
-0.00579
-0.10407
-0.12003
-0.05804
-0.00128
0.00264
-0.04725
-0.08784
-0.06267
-0.00163
0.0102
-0.05159
-0.09154
-0.0485
0.01009
0.02662
0.0228
0.02432
0.0262
0.02163
0.01709
0.02165
0.0318
0.03454
0.03388
0.05246
0.08978
0.11243
0.10556
0.09202
0.08742
0.08345
0.07658
0.07356
0.07706
0.08793
0.10734
0.13003
0.13681
0.11067
0.08522
0.103
0.12432
0.09787
0.05148
0.02294
2.93922E-4
-0.03123
-0.04978
-0.0383
-0.03207
-0.05899
-0.0741
-0.04168
-0.00489
-0.00581
-0.02648
-0.03926
-0.04069
-0.0299
-0.01093
6.19998E-4
0.00462
0.01491
0.03012
0.03514
0.02208
-0.002
-0.02289
-0.03118
-0.0299
-0.02983
-0.03384
-0.03275
-0.02557
-0.03233
-0.06072
-0.08282
-0.06917
-0.02748
-0.01202
-0.05323
-0.0928
-0.07397
-0.02144
0.00464
-0.01202
-0.02102
0.00481
0.02855
0.031
0.03314
0.0469
0.06324
0.07138
0.06891
0.05368
0.01645
-0.02964
-0.04097
-0.02095
-0.02663
-0.05921
-0.06332
-0.02846
-0.00416
-0.01808
-0.03741
-0.03278
-0.01893
-0.02653
-0.06101
-0.08802
-0.07343
-0.02675
-0.00689
-0.04658
-0.08499
-0.06361
-0.01413
-0.00866
-0.06093
-0.09051
-0.04292
0.02881
0.06687
0.08038
0.08714
0.07235
0.03154
-0.00524
-0.02344
-0.04543
-0.06428
-0.03815
-0.00168
-0.02808
-0.07985
-0.07245
-0.01404
0.00547
-0.04728
-0.07694
-0.0222
0.05031
0.08291
0.08628
0.07542
0.05201
0.02375
-0.00356
-0.03671
-0.05661
-0.01469
0.06312
0.07757
0.00312
-0.07366
-0.06441
0.00633
0.04917
0.04478
0.02766
0.01061
-0.00838
-0.03603
-0.06988
-0.07171
-0.02185
0.02898
0.03167
0.00594
-0.00417
0.01022
0.02785
0.03351
0.03445
0.04099
0.04336
0.02563
-0.00718
-0.03649
-0.05442
-0.05445
-0.02699
0.00139
-0.00167
-0.00489
0.02405
0.05117
0.04222
0.01624
0.00539
0.00938
0.00514
-0.02165
-0.05393
-0.05545
-0.02659
-0.00832
-0.01783
-0.03232
-0.03654
-0.0316
-0.01327
-0.00462
-0.02639
-0.02967
0.00836
0.02821
0.0052
-0.02187
-0.03188
-0.02811
-0.01476
-0.00573
0.01701
0.06219
0.05039
-0.02118
-0.04359
-0.01941
-0.01762
-0.02139
-0.00229
0.01576
0.01105
-0.00119
0.00389
0.02428
0.03194
0.01173
-0.01514
-0.02285
-0.01514
-0.0094
-0.00944
-0.00972
-0.01004
-0.01257
-0.01251
-0.00399
0.00962
0.0235
0.03638
0.03887
0.02603
0.02188
0.04131
0.05766
0.06873
0.09904
0.11527
0.07872
0.02819
0.00908
0.00489
-0.017
-0.04283
-0.03568
-0.01364
-0.02523
-0.0527
-0.04685
-0.01563
0.00574
0.01236
0.01349
0.00797
-0.00163
-0.005
-0.00189
-3.77177E-4
-5.90547E-4
0.00393
0.01356
0.02195
0.02572
0.02857
0.03473
0.03824
0.02625
-9.80899E-4
-0.01995
-0.019
-0.01753
0.00783
0.09318
0.1565
0.11725
0.0588
0.0509
0.0097
-0.07935
-0.0884
-0.01572
0.01435
-0.00375
0.00265
0.02692
0.02784
0.01546
0.02208
0.04687
0.06511
0.06873
0.07245
0.08438
0.08818
0.06703
0.03364
0.01104
-0.00334
-0.02034
-0.03327
-0.04715
-0.07388
-0.09109
-0.07323
-0.03763
-0.03704
-0.07325
-0.04769
0.05908
0.09799
-0.00472
-0.12031
-0.127
-0.06462
-0.02399
-0.04058
-0.09359
-0.1158
-0.07509
-0.0186
0.01623
0.04266
0.07276
0.08344
0.05101
0.01575
0.03133
0.06423
0.06266
0.04618
0.04385
0.04628
0.04537
0.04168
0.02643
0.01702
0.03471
0.03741
-0.00247
-0.04008
-0.06712
-0.09476
-0.05205
0.05608
0.06627
-0.05538
-0.13252
-0.08909
-0.03319
-0.0286
-0.04099
-0.05045
-0.05761
-0.05211
-0.03408
-0.03572
-0.0721
-0.09375
-0.06602
-0.02499
-0.01486
-0.03797
-0.0651
-0.06515
-0.03537
-0.03114
-0.08871
-0.13551
-0.11041
-0.04258
0.01867
0.01323
-0.052
-0.05655
0.03444
0.10455
0.08518
0.03085
0.0064
0.0125
0.01528
-0.00411
-0.03642
-0.05326
-0.03563
-0.00659
0.00328
0.00778
0.02677
0.04273
0.03631
0.01796
0.00883
0.01602
0.0327
0.04687
0.04563
0.02428
-0.00665
-0.02723
-0.02203
0.00343
0.02537
0.03324
0.04128
0.05577
0.05925
0.04303
0.02578
0.01951
0.00857
-0.01572
-0.03632
-0.03803
-0.02948
-0.04493
-0.07756
-0.03702
0.07142
0.07753
-0.0593
-0.16003
-0.12976
-0.06006
-0.0265
-0.01802
-0.02151
-0.03267
-0.03648
-0.02785
-0.01995
-0.02641
-0.0448
-0.05545
-0.03902
-0.0073
0.00928
0.01449
0.03499
0.06496
0.07453
0.05841
0.03925
0.02945
0.01814
-0.0034
-0.02648
-0.0373
-0.0318
-0.01459
0.01182
0.0447
0.06922
0.06831
0.04473
0.01686
-8.74414E-4
-0.00353
0.0072
0.02559
0.04569
0.06222
0.0709
0.07185
0.06977
0.06699
0.05912
0.04222
0.02073
-2.15898E-4
-0.02509
-0.05632
-0.08183
-0.07978
-0.04565
-0.02794
-0.06468
-0.10469
-0.08928
-0.03649
-0.01651
-0.06337
-0.11393
-0.10055
-0.03928
0.00374
-0.00859
-0.03105
-0.01513
0.01243
0.01611
0.00307
-0.00922
-0.01353
-0.00945
-0.00253
0.00315
0.00818
0.00955
0.0042
-0.00442
-0.01481
-0.02915
-0.03827
-0.02768
-0.01028
-0.00785
-0.00455
0.0201
0.04749
0.05158
0.03536
0.02098
0.01853
0.01433
-0.00296
-0.019
-0.01414
0.00797
0.03025
0.04199
0.03531
0.00726
-0.02196
-0.02979
-0.03534
-0.06469
-0.09592
-0.08759
-0.03687
-0.01611
-0.07796
-0.13648
-0.09952
-0.01761
-0.00124
-0.06193
-0.09423
-0.04882
0.00439
0.01974
0.03507
0.08674
0.13699
0.12948
0.09862
0.10449
0.10756
0.05737
-0.00164
-0.01549
-0.00189
-0.00292
-0.01797
-0.02124
-0.02084
-0.03499
-0.04413
-0.0311
-0.01281
-0.01659
-0.04626
-0.06744
-0.05109
-0.01518
-0.01124
-0.05403
-0.0835
-0.05701
-0.00988
0.00326
-0.0238
-0.04906
-0.04183
-0.00898
-8.3558E-4
-0.05318
-0.10201
-0.07651
-0.00985
0.00479
-0.06223
-0.11997
-0.09611
-0.02088
0.04566
0.03556
-0.04792
-0.07929
-0.01143
0.0282
-0.03144
-0.09122
-0.06766
0.00103
0.02865
-0.01477
-0.061
-0.04451
0.00986
0.02256
-0.02652
-0.04179
0.03077
0.1139
0.14617
0.14978
0.15002
0.13341
0.08891
0.05896
0.0795
0.10062
0.07784
0.04752
0.03928
0.03697
0.03445
0.03767
0.03337
0.01305
-0.00139
0.00568
0.01613
0.01195
2.50561E-5
-0.00245
0.01322
0.03487
0.04142
0.02766
0.00274
-0.02616
-0.0491
-0.05177
-0.05007
-0.06244
-0.05224
6.0153E-4
0.04802
0.06089
0.06328
0.06732
0.05554
0.02244
-0.02176
-0.06151
-0.07444
-0.05124
-0.00889
0.0026
-0.04245
-0.08041
-0.05459
-6.00642E-4
0.01211
-0.02992
-0.06182
-0.03897
0.00436
0.02673
0.02994
0.03787
0.05651
0.06816
0.06547
0.06139
0.06234
0.05619
0.03442
0.01112
0.00564
0.01605
0.02749
0.03437
0.03807
0.04126
0.05049
0.06269
0.06246
0.04903
0.04114
0.04793
0.05854
0.0633
0.06488
0.06502
0.05959
0.04737
0.02891
0.00511
-0.01503
-0.0209
-0.01584
-0.01259
-0.01681
-0.02419
-0.03176
-0.0331
-0.01737
-0.00749
-0.03277
-0.05763
-0.04196
-0.01376
-0.008
-0.01078
0.00616
0.03877
0.05863
0.05462
0.04222
0.03687
0.04039
0.04575
0.04302
0.02945
0.01353
0.00293
-0.00265
-0.00531
-0.00506
3.63471E-4
0.01322
0.02951
0.04275
0.05208
0.05385
0.0434
0.03488
0.04228
0.04728
0.03081
0.00825
-0.00501
-0.02034
-0.04124
-0.04517
-0.02332
-0.00176
-8.54762E-4
-0.00961
-0.01436
-0.01253
-4.51417E-4
0.01811
0.02654
0.01555
-0.00418
-0.01455
-0.01368
-0.01737
-0.03026
-0.03113
-0.01151
-0.01278
-0.05418
-0.07375
-0.03952
-0.00705
-0.01134
-0.02434
-0.02163
-0.00993
-0.00118
-0.00421
-0.01517
-0.01167
0.0059
0.0114
0.00311
-1.41883E-4
0.0041
0.00484
-9.19641E-4
-0.00729
-0.0118
-0.01827
-0.02288
-0.01373
-0.00217
-0.00631
-0.00438
0.01973
0.03213
0.00931
-0.02385
-0.03868
-0.03095
-0.00895
0.00723
0.00873
0.02185
0.05788
0.08973
0.10203
0.10182
0.09244
0.07566
0.06071
0.05242
0.04215
0.02186
-0.00178
-0.01693
-0.02264
-0.02526
-0.02489
-0.01747
-0.00547
0.00669
0.0203
0.03449
0.04014
0.03074
0.01427
0.00438
-0.00185
-0.01244
-0.01706
-0.01974
-0.03742
-0.04846
-0.03284
-0.01487
-0.01218
-0.01602
-0.02296
-0.02836
-0.01732
-0.00854
-0.03015
-0.0492
-0.03247
-0.00797
-0.00737
-0.02153
-0.02258
-0.00895
-0.00617
-0.02015
-0.03138
-0.03153
-0.02636
-0.01487
4.04375E-4
0.00797
0.01136
0.02361
0.04039
0.04726
0.04257
0.03601
0.03229
0.02766
0.01796
0.00664
0.00301
0.00736
0.008
9.06374E-4
-0.0071
-0.0157
-0.02383
-0.0203
-0.01127
-0.01449
-0.01987
-0.01143
-0.00146
-0.00512
-0.01652
-0.02473
-0.02477
-0.01445
-0.0087
-0.0235
-0.03769
-0.02928
-0.01296
-0.00613
-0.00844
-0.01316
-0.01251
-0.00708
-0.01119
-0.02656
-0.02978
-0.01143
0.00743
0.01271
0.01454
0.02242
0.02881
0.02301
0.00862
-6.15419E-4
0.00109
0.00698
0.01349
0.02585
0.04113
0.04459
0.0288
0.0031
-0.01596
-0.02001
-0.01566
-0.01159
-0.0063
0.00403
0.01807
0.03095
0.03318
0.01611
-0.01737
-0.05333
-0.07499
-0.06399
-0.02213
-0.00367
-0.03815
-0.05945
-0.02599
0.00942
6.47155E-4
-0.0338
-0.05139
-0.03724
-0.00874
-0.00288
-0.03724
-0.06796
-0.05073
-0.00698
0.00447
-0.03358
-0.06122
-0.03531
0.00464
0.01385
0.00581
0.01783
0.05236
0.07594
0.06821
0.04223
0.01726
0.00104
-0.00363
-0.00516
-0.01697
-0.03016
-0.02719
-0.01081
0.00668
0.02263
0.04102
0.05759
0.0603
0.0494
0.04163
0.04587
0.04843
0.03378
0.01084
0.00192
0.00754
0.00821
-0.00166
-0.01915
-0.04821
-0.07762
-0.07227
-0.02136
0.00608
-0.04085
-0.08237
-0.05047
0.0045
0.03099
0.03772
0.04267
0.04294
0.03534
0.03059
0.03032
0.0241
0.01394
0.01141
0.01456
0.01088
-0.0017
-0.01276
-0.01176
0.00526
0.03224
0.05364
0.05743
0.04913
0.04205
0.03557
0.02143
0.00497
-0.00424
-0.01456
-0.03172
-0.03817
-0.02325
-0.0036
-0.00932
-0.04161
-0.0546
-0.02732
0.00308
0.00548
-0.00659
-5.45074E-4
0.02916
0.05947
0.07626
0.08291
0.08488
0.08294
0.07328
0.0539
0.03145
0.01177
-0.00384
-0.0117
-0.02284
-0.05058
-0.07363
-0.06288
-0.02229
0.00621
-0.00751
-0.02745
-0.01797
-0.00395
-0.00759
-0.01358
-0.01003
-0.0047
-0.00311
-0.00195
-7.25209E-4
-0.00146
7.3558E-4
0.01266
0.02637
0.02309
8.91699E-4
-0.01903
-0.02054
-0.01189
-0.01153
-0.02297
-0.02773
-0.01326
-0.00744
-0.0363
-0.06711
-0.05684
-0.01572
4.15358E-5
-0.03263
-0.05393
-0.02673
2.71844E-4
-0.00423
-0.01115
-0.00456
4.13278E-4
-2.85947E-4
-0.0144
-0.05227
-0.08083
-0.06051
-0.00824
0.01379
-0.01943
-0.0495
-0.03074
0.0046
0.01216
-0.00809
-0.02458
-0.01917
-8.58913E-4
0.00964
0.00213
-0.00395
0.00829
0.02432
0.02964
0.02788
0.0222
0.01235
0.00369
-0.00342
-0.01358
-0.01892
-0.01242
-0.00345
0.00197
0.01032
0.02428
0.03796
0.04568
0.0448
0.03576
0.02651
0.027
0.03437
0.03713
0.03257
0.02571
0.01992
0.01681
0.01505
0.01229
0.01217
0.01779
0.02405
0.02689
0.0271
0.02199
0.0101
-0.00132
-0.0095
-0.01814
-0.02328
-0.01937
-0.00779
0.00221
0.00131
-0.00551
-0.00641
-0.00123
-0.01215
-0.04688
-0.06275
-0.03616
-0.00521
0.00423
0.0088
0.01763
0.01836
0.01001
0.00573
0.00604
8.72303E-4
-0.00622
-0.00483
-0.00586
-0.01932
-0.02288
-0.00511
0.0076
0.00104
-0.00586
6.39506E-5
0.00697
0.00101
-0.01404
-0.02417
-0.02178
-0.01226
-0.0059
-0.00583
-0.00709
-0.00462
2.28442E-4
0.00141
-0.00195
-0.00124
0.0108
0.03078
0.05001
0.06092
0.05701
0.03744
0.0127
-0.00343
-0.00656
-0.00114
0.00547
0.009
0.01586
0.03482
0.05729
0.06444
0.05353
0.03906
0.03155
0.02915
0.0261
0.01857
0.00483
-0.01268
-0.02793
-0.03663
-0.03325
-0.01557
-0.00653
-0.02448
-0.03947
-0.02609
-0.00654
-3.28217E-4
4.15531E-4
0.00173
0.00125
0.00142
0.00446
0.00224
-0.01412
-0.03024
-0.0207
-0.00596
-0.02535
-0.05624
-0.05043
-0.01147
0.00393
-0.03201
-0.0605
-0.03531
0.0032
0.00499
-0.02114
-0.03102
-0.01406
7.12237E-4
0.00273
0.00572
0.01176
0.01125
0.00352
-0.00525
-0.01514
-0.02909
-0.03352
-0.01255
-0.00189
-0.04081
-0.08163
-0.06292
-0.00546
0.02576
0.01427
0.01375
0.04626
0.0679
0.06343
0.06115
0.06889
0.07039
0.06051
0.04906
0.04357
0.04321
0.04497
0.04945
0.05836
0.06844
0.07231
0.06623
0.05471
0.04604
0.04365
0.04238
0.03433
0.01982
0.00879
0.01004
0.02181
0.03158
0.0272
0.01107
-0.00721
-0.02986
-0.04689
-0.03198
-0.02467
-0.07904
-0.12735
-0.09173
-0.02084
6.3094E-5
-0.03799
-0.07563
-0.06499
-0.01961
-0.01281
-0.06076
-0.03724
0.08464
0.13444
0.08211
0.07105
0.0903
0.03099
-0.04726
-0.05337
-0.0497
-0.0753
-0.06877
-0.02178
0.00656
-3.25393E-4
0.00177
0.02551
0.02984
0.00354
-0.02159
-0.0282
-0.02107
-0.00468
0.01466
0.02748
0.03318
0.03698
0.03784
0.03138
0.01744
-0.0018
-0.01713
-0.01791
-0.02453
-0.05764
-0.08174
-0.06144
-0.01995
-0.00241
-0.01845
-0.03141
-0.02001
-0.00707
-0.00678
-0.00742
-0.00331
-1.97012E-4
5.81154E-4
0.00191
0.00487
0.01061
0.01841
0.02389
0.02593
0.03001
0.04143
0.05635
0.06186
0.04954
0.02551
0.00112
-0.01597
-0.02179
-0.02513
-0.03694
-0.04503
-0.03472
-0.01301
0.0089
0.02379
0.02324
0.00968
-0.00197
-0.00553
-0.00856
-0.01643
-0.02338
-0.02183
-0.02055
-0.03263
-0.04755
-0.04378
-0.02241
-0.01456
-0.03413
-0.0454
-0.02835
-0.01159
-0.0078
0.00203
0.02007
0.02843
0.02466
0.02284
0.02772
0.03062
0.02342
0.00768
-0.00627
-0.01193
-0.01676
-0.02423
-0.02455
-0.02761
-0.05177
-0.0737
-0.05874
-0.02024
-0.00773
-0.03679
-0.06109
-0.04599
-0.01417
-0.00475
-0.02511
-0.041
-0.02811
-0.00608
0.00317
0.00435
0.00814
0.01374
0.01438
0.00777
1.93045E-5
-0.00114
0.00298
0.00476
0.00215
2.9328E-4
0.00421
0.01404
0.02528
0.03153
0.02772
0.01472
-3.71599E-4
-0.01138
-0.01646
-0.01552
-0.01007
-0.00381
5.82776E-4
0.00292
0.00227
-0.00215
-0.00814
-0.01362
-0.01806
-0.01903
-0.01423
-0.0075
-0.0065
-0.01328
-0.02207
-0.02834
-0.02813
-0.01635
-0.00827
-0.02009
-0.02685
-0.00801
0.01265
0.01648
0.01244
0.00742
-2.31328E-4
-0.00835
-0.01352
-0.01674
-0.01941
-0.01859
-0.01165
-0.00756
-0.01672
-0.02885
-0.02629
-0.01086
-0.0016
-0.00918
-0.02141
-0.02118
-0.00855
-0.00283
-0.01587
-0.03081
-0.02788
-0.00989
4.87905E-4
-0.01073
-0.0223
-0.01414
-5.20549E-4
-0.00285
-0.01871
-0.0265
-0.01877
-0.01003
-0.00777
-0.00434
0.0045
0.01097
0.00843
0.00332
0.00288
0.00134
-0.00645
-0.01156
-0.00571
0.00668
0.01906
0.03042
0.03978
0.04445
0.04607
0.05042
0.05825
0.06362
0.06266
0.05652
0.04624
0.03323
0.02102
0.01024
-0.00121
-0.01122
-0.01351
-0.00849
-0.01097
-0.02555
-0.02874
-0.00883
0.01343
0.02215
0.02267
0.02144
0.01919
0.01966
0.02531
0.02999
0.02726
0.01703
0.00325
-0.00866
-0.01715
-0.0258
-0.02885
-0.01659
-0.01067
-0.03326
-0.05317
-0.03926
-0.01126
-0.00362
-0.02051
-0.03281
-0.02209
-0.00355
-0.0031
-0.02176
-0.0282
-0.01321
-0.00497
-0.01193
-0.01487
-0.00615
0.00467
0.01021
0.01014
0.00426
-0.00699
-0.01393
-0.00704
-0.00434
-0.02382
-0.04024
-0.02848
-0.00449
4.52509E-4
-0.01909
-0.03135
-0.01789
2.7886E-4
0.00898
0.018
0.03045
0.03478
0.02578
0.01175
-5.6649E-5
-0.00911
-0.01196
-0.00559
-0.00367
-0.01776
-0.02913
-0.01983
-0.00322
0.00318
2.54324E-4
-0.00253
0.00143
0.01047
0.01728
0.01984
0.02242
0.02417
0.01762
0.00108
-0.01731
-0.02812
-0.02516
-0.00897
0.00446
-2.68305E-4
-0.01316
-0.01509
-0.00468
5.22598E-4
-0.0113
-0.02326
-0.01633
7.82939E-4
0.0123
0.01526
0.0128
0.00896
0.00733
0.00802
0.01003
0.01382
0.01742
0.01596
0.00882
6.35856E-4
-0.00592
-0.00883
-0.00365
0.00572
0.009
0.00637
0.00247
-0.00278
-0.00705
-0.00699
-0.00471
-0.00322
-0.00213
-4.91067E-4
0.00181
0.00527
0.00935
0.01259
0.01588
0.02128
0.027
0.02824
0.02423
0.01964
0.01584
0.00831
-9.31797E-4
-0.00477
-0.01142
-0.03019
-0.0441
-0.03253
-0.00366
0.00842
-0.01112
-0.02951
-0.02004
9.91587E-4
0.00526
-0.01355
-0.03017
-0.02133
0.0013
0.01087
0.0039
0.00201
0.01267
0.01962
0.01682
0.01439
0.01467
0.01039
0.00122
-0.00561
-0.00632
-0.00227
0.00506
0.01413
0.02023
0.01944
0.01567
0.01522
0.01502
0.0089
0.00142
0.00106
0.00779
0.01659
0.02256
0.02243
0.01865
0.01588
0.01372
0.01077
0.01001
0.01419
0.02172
0.02957
0.03641
0.04038
0.03811
0.03091
0.02599
0.0258
0.02432
0.01768
0.00955
0.00624
0.01124
0.02044
0.02516
0.02309
0.01889
0.01523
0.01129
0.0073
0.00475
0.0032
2.93963E-4
-0.00422
-0.00874
-0.01051
-0.0066
-0.00523
-0.01547
-0.02378
-0.01683
-0.00448
0.00197
0.00206
-0.0028
-0.00884
-0.01029
-0.00735
-0.00436
-0.00325
-0.00445
-0.00792
-0.01222
-0.01712
-0.02374
-0.02511
-0.01179
2.92178E-4
-0.01001
-0.02472
-0.01774
2.59331E-5
-0.00237
-0.02856
-0.0441
-0.02805
-8.30797E-4
0.00429
-0.01664
-0.02924
-0.01668
-0.00213
0.00167
0.00582
0.01432
0.01828
0.01265
0.0014
-0.01102
-0.02222
-0.024
-0.00827
0.01165
0.01675
0.01621
0.0251
0.03549
0.03692
0.03169
0.02256
0.01028
0.00122
-0.00167
-0.00227
0.00154
0.01059
0.0157
0.01256
0.00576
-0.00296
-0.00962
-0.00582
-0.00404
-0.01948
-0.02883
-0.01387
0.00267
0.00584
0.00568
0.00539
0.00157
4.27728E-4
0.00718
0.01477
0.01737
0.01986
0.02517
0.02744
0.02379
0.0198
0.01868
0.01674
0.01202
0.00723
0.00357
1.34509E-4
-0.00143
2.18295E-4
0.00223
0.00194
-0.00112
-0.00681
-0.01227
-0.01384
-0.01221
-0.01049
-0.01079
-0.01412
-0.01884
-0.02094
-0.01573
-0.00382
-0.00172
-0.01993
-0.03591
-0.02695
-0.0039
0.00449
-0.0097
-0.01804
-0.00215
0.01805
0.02434
0.02118
0.01624
0.01174
0.00952
0.01014
0.01036
0.00793
0.00559
0.00652
0.0096
0.0123
0.01362
0.01167
0.00427
-0.00645
-0.01486
-0.01705
-0.01276
-0.0038
0.00696
0.01623
0.02247
0.02598
0.0267
0.02379
0.01766
0.01051
0.00428
4.88252E-4
-3.27962E-5
3.55333E-4
-0.00183
-0.00556
-0.00632
-0.0034
-0.00215
-0.00695
-0.01152
-0.00584
0.00114
-0.00465
-0.0118
-0.00807
-0.00287
-0.00189
8.15327E-4
0.00531
0.00559
0.00195
7.81552E-4
0.0028
0.0015
-0.0038
-0.00503
7.65674E-4
0.00625
0.0064
0.00529
0.00563
0.00186
-0.009
-0.0178
-0.01337
0.00199
0.01472
0.0156
0.00692
-0.00148
-0.00193
-0.003
-0.01505
-0.02438
-0.01613
-7.60575E-4
0.00393
-0.00133
-4.83041E-4
0.00919
0.01397
0.00962
0.00342
-0.00106
-0.00312
-0.00109
-5.16531E-4
-0.00579
-0.00634
0.00195
0.00509
-0.00321
-0.0126
-0.01419
-0.00987
-0.0054
-0.0022
0.00171
0.00558
0.00557
2.82225E-4
-0.00781
-0.01576
-0.02021
-0.01677
-0.00505
0.00735
0.01181
0.00953
0.00807
0.0094
0.01037
0.01009
0.00969
0.00904
0.00728
0.00488
0.00268
-5.01601E-4
-0.00363
-0.0018
0.00114
-0.00162
-0.00181
0.006
0.01009
0.00313
-0.00967
-0.02289
-0.02653
-0.00967
0.00607
-0.00674
-0.02274
-0.01286
0.00207
6.99296E-4
-0.00536
-0.00259
0.00345
0.00208
-0.00673
-0.01574
-0.0204
-0.01671
-0.00329
0.00271
-0.01188
-0.02341
-0.01144
0.00751
0.01772
0.02403
0.02858
0.02565
0.01696
0.01014
0.00575
-9.56863E-5
-0.00571
-0.00706
-0.0053
-0.00447
-0.00706
-0.00882
-0.00182
0.00513
-6.83622E-4
-0.00468
0.00708
0.02286
0.03277
0.03799
0.03839
0.03671
0.03915
0.04538
0.05014
0.05136
0.04977
0.04699
0.04507
0.04374
0.0398
0.03149
0.02156
0.01364
0.00722
-7.44769E-4
-0.00851
-0.01016
-0.00807
-0.00935
-0.01014
-0.00517
5.28656E-4
0.00248
0.00163
-0.00262
-0.00913
-0.01069
-0.00691
-0.00513
-0.00282
0.00572
0.01568
0.02218
0.02706
0.03064
0.02977
0.02302
0.01087
-0.00465
-0.01829
-0.02234
-0.01523
-0.01219
-0.02518
-0.0377
-0.03105
-0.0132
-0.00588
-0.01503
-0.0226
-0.01635
-0.00682
-0.01123
-0.03091
-0.04458
-0.03541
-0.01264
-3.35285E-4
-0.00795
-0.01624
-0.01012
-0.00245
-0.01064
-0.03
-0.03921
-0.02849
-0.00891
-5.36121E-4
-0.01106
-0.02424
-0.02205
-0.00663
-0.00459
-0.03181
-0.05531
-0.04125
-0.00636
0.00442
-0.02213
-0.04194
-0.02476
0.00167
0.01132
0.01204
0.01461
0.01578
0.01102
0.00405
6.45829E-4
5.42433E-4
-0.00158
-0.00712
-0.01111
-0.01168
-0.01164
-0.00909
5.64083E-4
0.01362
0.02137
0.02328
0.02605
0.0313
0.03476
0.0343
0.03046
0.02361
0.0157
0.00975
0.00516
-0.00173
-0.00823
-0.00682
-0.00534
-0.01401
-0.01655
-5.53416E-4
0.01669
0.02174
0.02129
0.0215
0.02004
0.01538
0.01042
0.00727
0.00394
-0.00203
-0.00924
-0.01398
-0.01326
-0.00709
3.31226E-5
0.00354
0.0032
5.53834E-4
-0.00314
-0.00516
-0.00514
-0.01217
-0.03125
-0.04892
-0.04496
-0.01604
-0.00186
-0.03356
-0.06228
-0.04138
-0.00247
0.01493
0.0163
0.02258
0.03342
0.0327
0.01804
0.00258
-0.00594
-0.01034
-0.01403
-0.01767
-0.02093
-0.02122
-0.0162
-0.00839
-0.00155
0.004
0.00914
0.01335
0.01521
0.0131
0.00723
2.74128E-4
-0.00416
-0.0042
-0.00512
-0.0112
-0.01273
-0.00145
0.01397
0.02148
0.01868
0.0104
0.00221
-0.00286
-0.00365
-0.00149
-9.44238E-4
-0.0047
-0.00998
-0.01198
-0.00804
-0.00109
0.00247
0.00186
0.00202
0.00285
-0.00127
-0.00798
-0.00798
-0.00674
-0.01518
-0.02191
-0.01469
-0.00516
-0.00534
-0.01111
-0.01539
-0.01385
-0.00562
-0.00414
-0.01864
-0.02848
-0.01773
-0.00177
0.00537
0.00796
0.01185
0.0171
0.02077
0.01885
0.01102
0.00323
0.00138
0.0047
0.00872
0.01136
0.01239
0.01087
0.00747
0.00501
0.00345
9.40547E-5
-0.00461
-0.00755
-0.00778
-0.00587
-0.00245
-4.9949E-5
-0.00157
-0.00546
-0.00671
-0.00376
-0.00111
-0.00268
-0.00506
-0.00219
0.00552
0.01238
0.01486
0.01247
0.00628
4.3455E-4
-8.3351E-4
9.85346E-4
0.0014
-9.60443E-4
-0.00596
-0.01008
-0.00667
-0.00505
-0.01867
-0.03157
-0.02333
-0.00397
0.00233
-0.00964
-0.01916
-0.01223
-4.65501E-4
-6.43688E-4
-0.01239
-0.01835
-0.00899
0.00555
0.01467
0.01866
0.02021
0.01914
0.01605
0.01343
0.0118
0.00977
0.00887
0.01138
0.01349
0.00966
0.00175
-0.00397
-0.00593
-0.00693
-0.00762
-0.00688
-0.00464
-0.00246
-0.00709
-0.02116
-0.03147
-0.02496
-0.00653
0.00221
-0.00967
-0.02124
-0.01375
0.00155
0.00337
-0.009
-0.01258
-7.12798E-4
0.00641
0.00189
-0.00116
0.00336
0.00806
0.00594
-8.45431E-4
-0.00693
-0.01172
-0.01309
-0.00525
0.00198
-0.00583
-0.01685
-0.01375
-0.00127
0.004
-0.00464
-0.01337
-0.01107
-0.0062
-0.00518
-0.00274
0.00306
0.00703
0.00661
0.00438
0.00375
0.00605
0.00891
0.00871
0.00464
-7.74291E-4
-0.00342
-0.00102
0.00403
0.0076
0.0083
0.00659
0.00348
0.00152
0.00233
0.00483
0.00779
0.01041
0.01133
0.01107
0.01215
0.01388
0.01233
0.00803
0.00626
0.00839
0.01092
0.01129
0.01012
0.01029
0.01301
0.01383
0.00778
-0.00258
-0.01069
-0.01484
-0.01736
-0.01565
-0.00579
0.00223
-0.00234
-0.00831
-0.00368
0.00356
0.00451
0.00288
0.00419
0.00713
0.00754
0.004
-0.00161
-0.00561
-0.00538
-0.00227
9.95646E-4
0.00441
0.00751
0.00733
0.00453
0.00433
0.00914
0.01643
0.02167
0.02018
0.01119
1.40883E-4
-0.00805
-0.01112
-0.00635
1.0105E-4
-0.00238
-0.00869
-0.00978
-0.00937
-0.01103
-0.01232
-0.01249
-0.01139
-0.00772
-0.00298
3.0878E-4
0.00315
0.00603
0.00576
0.00175
-0.00188
-0.00317
-0.0039
-0.00448
-0.00396
-0.00254
-5.99888E-4
0.00133
0.00213
0.00233
0.00351
0.00523
0.00565
0.00407
0.00193
0.00159
0.00375
0.00661
0.00785
0.00651
0.00307
-0.00125
-0.00545
-0.00854
-0.00902
-0.00571
3.83847E-5
0.00367
0.00162
-0.00457
-0.01063
-0.01325
-0.01065
-0.00319
0.00557
0.01075
0.0107
0.00858
0.00815
0.00906
0.00879
0.00737
0.00622
0.00455
6.17989E-4
-0.00515
-0.01036
-0.01264
-0.01207
-0.01212
-0.01581
-0.02092
-0.01927
-0.0063
0.00408
-0.00221
-0.01104
-0.00695
-0.00129
-0.00592
-0.01362
-0.01473
-0.00968
-0.00366
-0.00139
-0.00522
-0.01189
-0.01238
-0.00224
0.00705
0.00489
0.00141
0.00554
0.00955
0.0091
0.00914
0.01129
0.01136
0.00575
-0.00417
-0.01294
-0.0163
-0.01219
-0.0011
0.00533
-0.00159
-0.00596
0.00513
0.01815
0.02143
0.02001
0.0178
0.01293
0.00805
0.00772
0.00993
0.01025
0.00878
0.00806
0.0089
0.00968
0.00783
0.00273
-0.00304
-0.00722
-0.01055
-0.01387
-0.01298
-0.00423
0.0015
-0.00678
-0.01647
-0.0118
8.49245E-4
0.0036
-0.0068
-0.01215
-0.00293
0.00851
0.01394
0.01785
0.02329
0.02773
0.02817
0.02422
0.01785
0.0109
0.00442
-4.51907E-4
-0.00265
-0.00144
0.00276
0.00778
0.01113
0.01093
0.00645
-1.02182E-4
-0.00437
-0.00409
-0.00134
3.33E-4
-8.5978E-5
-9.86274E-4
-7.32837E-4
0.00123
0.00428
0.00682
0.00749
0.00606
0.00334
4.07067E-4
-0.00253
-0.00554
-0.007
-0.00564
-0.00311
-8.9175E-4
0.00124
0.0025
0.00266
0.00385
0.00638
0.00711
0.00436
3.06751E-5
-0.00285
-0.00259
-3.85019E-4
0.00113
9.16969E-4
-9.33785E-4
-0.0046
-0.00903
-0.01184
-0.01235
-0.01247
-0.01358
-0.01227
-0.00476
2.41413E-4
-0.00686
-0.01521
-0.01076
4.01764E-4
-8.70814E-4
-0.01853
-0.02994
-0.01972
-5.27402E-4
0.00781
0.00217
-0.00147
0.00538
0.01168
0.00966
0.00412
-5.30879E-4
-0.00409
-0.00531
-0.00356
-0.00232
-0.00346
-0.0033
6.75423E-4
0.00526
0.0066
0.00491
0.00318
0.00365
0.00521
0.0051
0.00428
0.00576
0.00793
0.00698
0.0037
0.00129
4.98684E-4
6.54293E-4
0.00172
0.00366
0.00529
0.00498
0.0037
0.00444
0.00675
0.00645
0.00222
-0.00229
-0.00357
-0.00152
0.00231
0.00576
0.00658
0.00493
0.00307
0.00206
0.00188
0.00297
0.0052
0.00732
0.00845
0.00841
0.00661
0.00269
-0.00203
-0.0049
-0.00408
-7.32817E-4
0.00109
-9.25709E-4
-0.00391
-0.00467
-0.00436
-0.00404
-0.00105
0.00558
0.01143
0.01277
0.01089
0.00857
0.00703
0.00627
0.00541
0.00383
0.00241
0.00154
5.27922E-4
3.76861E-4
0.0023
0.00388
0.00188
-0.00241
-0.00486
-0.00368
-2.25178E-4
0.00339
0.00571
0.00638
0.00567
0.00358
5.61156E-4
-7.11146E-4
0.00244
0.00793
0.00986
0.00619
0.00182
0.00108
0.00243
0.00294
0.00227
8.4692E-4
-0.00101
-0.00229
-0.00256
-0.00345
-0.00579
-0.00708
-0.0053
-0.00265
-0.00204
-0.00308
-0.00364
-0.00268
-6.56598E-4
0.00181
0.00426
0.00559
0.00478
0.00149
-0.00345
-0.00726
-0.00806
-0.00739
-0.00722
-0.00742
-0.00761
-0.00864
-0.01056
-0.01131
-0.01015
-0.00926
-0.00929
-0.00832
-0.00666
-0.00643
-0.00635
-0.00407
-0.00148
-0.0017
-0.00408
-0.00613
-0.00682
-0.0066
-0.00607
-0.00518
-0.00374
-0.00225
-0.00106
-3.86794E-4
-0.00105
-0.00302
-0.00421
-0.00266
0.00109
0.00467
0.00673
0.00758
0.00763
0.00697
0.00546
0.00297
3.11819E-4
-8.96625E-4
3.96227E-4
0.00283
0.00312
3.50163E-4
-0.00303
-0.00581
-0.00836
-0.00973
-0.00969
-0.00985
-0.00995
-0.0087
-0.00706
-0.00601
-0.00463
-0.00293
-0.00261
-0.00418
-0.0058
-0.00577
-0.0053
-0.00668
-0.00863
-0.00768
-0.00391
-6.4277E-4
7.47818E-4
0.00209
0.00462
0.00676
0.00732
0.00784
0.00953
0.01087
0.01026
0.00855
0.00741
0.00738
0.00785
0.00762
0.00559
0.002
-0.00158
-0.00404
-0.00522
-0.00523
-0.00466
-0.00395
-0.00274
-9.08566E-4
0.00109
0.00265
0.003
0.00233
0.00225
0.0034
0.00455
0.00419
0.0019
-7.45034E-4
-0.00132
1.54589E-4
0.00139
0.00171
0.00245
0.00358
0.00349
0.00168
-0.00136
-0.00514
-0.00887
-0.01158
-0.01052
-0.00396
-5.3761E-4
-0.00788
-0.01536
-0.01291
-0.00723
-0.00467
-0.00311
-0.00154
-0.00158
-0.0026
-0.00253
-0.00172
-0.00204
-0.00353
-0.00528
-0.00827
-0.01241
-0.01368
-0.00961
-0.00392
-0.00116
-0.00131
-0.00245
-0.00339
-0.0027
1.19366E-4
0.00269
0.00244
3.62798E-4
-6.57618E-4
5.82908E-5
4.08413E-4
-0.00132
-0.00433
-0.00686
-0.00816
-0.00807
-0.00671
-0.00468
-0.00213
0.00129
0.00527
0.00847
0.00921
0.00691
0.00289
-8.67183E-4
-0.00348
-0.00465
-0.00319
0.00101
0.00451
0.00322
-2.72966E-4
5.80318E-4
0.00156
-0.00522
-0.01166
-0.00862
-0.00282
-8.9744E-4
6.10086E-4
0.00478
0.0092
0.0115
0.0116
0.00975
0.00713
0.00636
0.0082
0.01082
0.01277
0.01355
0.0122
0.00851
0.0039
5.30838E-4
-9.06588E-5
0.00159
0.00369
0.0048
0.00536
0.00697
0.00926
0.00975
0.00851
0.00832
0.0094
0.00974
0.00947
0.01072
0.01367
0.01612
0.01671
0.01584
0.01466
0.01419
0.01384
0.01235
0.01075
0.01008
0.00857
0.00549
0.00331
0.00275
6.34244E-4
-0.00465
-0.00985
-0.01143
-0.01031
-0.00986
-0.01172
-0.01457
-0.01323
-0.00454
6.49245E-4
-0.00701
-0.0134
-0.00617
0.00346
0.00433
5.44493E-4
-7.7473E-4
5.03579E-4
9.26922E-4
-1.46849E-5
-3.49684E-5
0.00165
0.00317
0.00249
1.42576E-4
-0.00169
-0.00277
-0.00483
-0.00837
-0.01183
-0.01361
-0.01343
-0.01192
-0.00974
-0.00762
-0.00655
-0.00677
-0.00688
-0.00545
-0.00381
-0.004
-0.00468
-0.00331
-0.001
-2.24771E-4
6.69692E-5
0.0025
0.0062
0.00766
0.00582
0.00329
0.00219
0.00196
0.00183
0.00186
0.00144
4.91138E-4
3.09056E-4
0.00122
0.0023
0.00347
0.00435
0.00368
0.00233
0.00192
9.63512E-4
-0.00213
-0.00508
-0.00541
-0.00403
-0.00289
-0.0025
-0.00261
-0.00302
-0.00336
-0.00309
-0.00238
-0.00216
-0.00288
-0.00419
-0.00503
-0.0041
-0.00129
0.00208
0.00484
0.00668
0.00791
0.0088
0.00879
0.00749
0.00637
0.00681
0.00746
0.00619
0.00256
-0.00266
-0.00784
-0.00884
-0.00317
-1.26351E-4
-0.00865
-0.01809
-0.01469
-0.00181
0.0046
-0.00311
-0.01071
-0.00759
-0.00346
-0.0045
-0.0046
-0.00102
0.00249
0.00396
0.00468
0.00509
0.0045
0.00372
0.00445
0.00591
0.00591
0.00491
0.00523
0.00666
0.00618
0.00274
-6.84102E-4
-0.00144
-8.50846E-4
-9.47705E-4
-0.00114
-6.8709E-4
-3.933E-4
-3.22058E-4
1.88293E-4
5.18856E-4
3.59096E-4
0.0011
0.00361
0.00664
0.00841
0.00868
0.00822
0.00729
0.00602
0.00475
0.00314
4.86529E-4
-0.00231
-0.00291
-0.00122
-3.86916E-4
-0.00249
-0.00593
-0.00803
-0.00805
-0.007
-0.00594
-0.00534
-0.00507
-0.00397
-9.14144E-4
0.00288
0.00484
0.00465
0.00382
0.00248
-3.13808E-4
-0.00423
-0.00791