0.02 0.02 0.02
0.04 0.04 0.04
0.06 0.06 0.06
0.08 0.08 0.08
0.1 0.1 0.1
0.12 0.12 0.12
0.14 0.14 0.14
0.16 0.16 0.16
0.18 0.18 0.18
0.2 0.2 0.2
0.22 0.22 0.22
0.24 0.24 0.24
0.26 0.26 0.26
0.28 0.28 0.28
0.3 0.3 0.3
0.32 0.32 0.32
0.34 0.34 0.34
0.36 0.36 0.36
0.38 0.38 0.38
0.4 0.4 0.4
0.42 0.42 0.42
0.44 0.44 0.44
0.46 0.46 0.46
0.479999 0.479999 0.48
0.499999 0.499999 0.5
0.519998 0.519998 0.52
0.539997 0.539997 0.54
0.559994 0.559994 0.56
0.57999 0.57999 0.58
0.599982 0.599982 0.6
0.61997 0.61997 0.62
0.63995 0.63995 0.64
0.659918 0.659918 0.66
0.679868 0.679868 0.68
0.69979 0.69979 0.7
0.719671 0.719671 0.72
0.739491 0.739491 0.74
0.759222 0.759222 0.76
0.778826 0.778826 0.78
0.79825 0.79825 0.8
0.817423 0.817423 0.82
0.836253 0.836253 0.84
0.854624 0.854624 0.86
0.872392 0.872392 0.88
0.889395 0.889395 0.9
0.905453 0.905453 0.92
0.920388 0.920388 0.94
0.934042 0.934042 0.96
0.946298 0.946298 0.98
0.9571 0.9571 1
0.966455 0.966455 1.02
0.974437 0.974437 1.04
0.981169 0.981169 1.06
0.986803 0.986803 1.08
0.991504 0.991504 1.1
0.995432 0.995432 1.12
0.998732 0.998732 1.14
1.00153 1.00153 1.16
1.00393 1.00393 1.18
1.00603 1.00603 1.2
1.00788 1.00788 1.22
1.00954 1.00954 1.24
1.01105 1.01105 1.26
1.01246 1.01246 1.28
1.01378 1.01378 1.3
1.01502 1.01502 1.32
1.01622 1.01622 1.34
1.01737 1.01737 1.36
1.0185 1.0185 1.38
1.01959 1.01959 1.4
1.02067 1.02067 1.42
1.02173 1.02173 1.44
1.02278 1.02278 1.46
1.02382 1.02382 1.48
1.02482 1.02482 1.5
1.02583 1.02583 1.52
1.02683 1.02683 1.54
1.02783 1.02783 1.56
1.02883 1.02883 1.58
1.02983 1.02983 1.6
1.03083 1.03083 1.62
1.03183 1.03183 1.64
1.03284 1.03284 1.66
1.03384 1.03384 1.68
1.03484 1.03484 1.7
1.03584 1.03584 1.72
1.03684 1.03684 1.74
1.03784 1.03784 1.76
1.03884 1.03884 1.78
1.03985 1.03985 1.8
1.04085 1.04085 1.82
1.04185 1.04185 1.84
1.04285 1.04285 1.86
1.04385 1.04385 1.88
1.04485 1.04485 1.9
1.04585 1.04585 1.92
1.04686 1.04686 1.94
1.04786 1.04786 1.96
1.04886 1.04886 1.98
1.04986 1.04986 2
1.00986 1.00986 1.96
0.96986 0.96986 1.92
0.92986 0.92986 1.88
0.88986 0.88986 1.84
0.84986 0.84986 1.8
0.80986 0.80986 1.76
0.76986 0.76986 1.72
0.72986 0.72986 1.68
0.68986 0.68986 1.64
0.64986 0.64986 1.6
0.60986 0.60986 1.56
0.56986 0.56986 1.52
0.52986 0.52986 1.48
0.48986 0.48986 1.44
0.44986 0.44986 1.4
0.40986 0.40986 1.36
0.36986 0.36986 1.32
0.32986 0.32986 1.28
0.28986 0.28986 1.24
0.24986 0.24986 1.2
0.20986 0.20986 1.16
0.16986 0.16986 1.12
0.12986 0.12986 1.08
0.0898608 0.0898608 1.04
0.0498618 0.0498618 1
0.00986344 0.00986344 0.96
-0.0301336 -0.0301336 0.92
-0.0701283 -0.0701283 0.88
-0.110119 -0.110119 0.84
-0.150104 -0.150104 0.8
-0.19008 -0.19008 0.76
-0.23004 -0.23004 0.72
-0.269976 -0.269976 0.68
-0.309876 -0.309876 0.64
-0.34972 -0.34972 0.6
-0.389481 -0.389481 0.56
-0.429121 -0.429121 0.52
-0.468583 -0.468583 0.48
-0.50779 -0.50779 0.44
-0.546636 -0.546636 0.4
-0.584981 -0.584981 0.36
-0.622639 -0.622639 0.32
-0.659376 -0.659376 0.28
-0.694909 -0.694909 0.24
-0.728909 -0.728909 0.2
-0.761017 -0.761017 0.16
-0.790879 -0.790879 0.12
-0.818178 -0.818178 0.08
-0.842681 -0.842681 0.04
-0.864272 -0.864272 9.71445e-17
-0.882972 -0.882972 -0.04
-0.898926 -0.898926 -0.08
-0.912381 -0.912381 -0.12
-0.923641 -0.923641 -0.16
-0.933037 -0.933037 -0.2
-0.940887 -0.940887 -0.24
-0.947483 -0.947483 -0.28
-0.953077 -0.953077 -0.32
-0.957879 -0.957879 -0.36
-0.96206 -0.96206 -0.4
-0.965759 -0.965759 -0.44
-0.969082 -0.969082 -0.48
-0.972114 -0.972114 -0.52
-0.974921 -0.974921 -0.56
-0.977554 -0.977554 -0.6
-0.98005 -0.98005 -0.64
-0.982441 -0.982441 -0.68
-0.98475 -0.98475 -0.72
-0.986995 -0.986995 -0.76
-0.98919 -0.98919 -0.8
-0.991344 -0.991344 -0.84
-0.993468 -0.993468 -0.88
-0.995567 -0.995567 -0.92
-0.997647 -0.997647 -0.96
-0.999711 -0.999711 -1
-1.00176 -1.00176 -1.04
-1.00381 -1.00381 -1.08
-1.00584 -1.00584 -1.12
-1.00787 -1.00787 -1.16
-1.00989 -1.00989 -1.2
-1.01191 -1.01191 -1.24
-1.01392 -1.01392 -1.28
-1.01594 -1.01594 -1.32
-1.01795 -1.01795 -1.36
-1.01996 -1.01996 -1.4
-1.02196 -1.02196 -1.44
-1.02397 -1.02397 -1.48
-1.02597 -1.02597 -1.52
-1.02797 -1.02797 -1.56
-1.02997 -1.02997 -1.6
-1.03197 -1.03197 -1.64
-1.03397 -1.03397 -1.68
-1.03597 -1.03597 -1.72
-1.03797 -1.03797 -1.76
-1.03997 -1.03997 -1.8
-1.04197 -1.04197 -1.84
-1.04397 -1.04397 -1.88
-1.04597 -1.04597 -1.92
-1.04797 -1.04797 -1.96
-1.04998 -1.04998 -2
-1.02998 -1.02998 -1.98
-1.00998 -1.00998 -1.96
-0.989975 -0.989975 -1.94
-0.969975 -0.969975 -1.92
-0.949975 -0.949975 -1.9
-0.929975 -0.929975 -1.88
-0.909975 -0.909975 -1.86
-0.889975 -0.889975 -1.84
-0.869975 -0.869975 -1.82
-0.849975 -0.849975 -1.8
-0.829975 -0.829975 -1.78
-0.809975 -0.809975 -1.76
-0.789975 -0.789975 -1.74
-0.769975 -0.769975 -1.72
-0.749975 -0.749975 -1.7
-0.729975 -0.729975 -1.68
-0.709975 -0.709975 -1.66
-0.689975 -0.689975 -1.64
-0.669975 -0.669975 -1.62
-0.649975 -0.649975 -1.6
-0.629975 -0.629975 -1.58
-0.609975 -0.609975 -1.56
-0.589975 -0.589975 -1.54
-0.569975 -0.569975 -1.52
-0.549975 -0.549975 -1.5
-0.529975 -0.529975 -1.48
-0.509975 -0.509975 -1.46
-0.489975 -0.489975 -1.44
-0.469975 -0.469975 -1.42
-0.449975 -0.449975 -1.4
-0.429975 -0.429975 -1.38
-0.409975 -0.409975 -1.36
-0.389975 -0.389975 -1.34
-0.369975 -0.369975 -1.32
-0.349975 -0.349975 -1.3
-0.329975 -0.329975 -1.28
-0.309975 -0.309975 -1.26
-0.289975 -0.289975 -1.24
-0.269975 -0.269975 -1.22
-0.249975 -0.249975 -1.2
-0.229975 -0.229975 -1.18
-0.209975 -0.209975 -1.16
-0.189975 -0.189975 -1.14
-0.169976 -0.169976 -1.12
-0.149976 -0.149976 -1.1
-0.129976 -0.129976 -1.08
-0.109976 -0.109976 -1.06
-0.0899766 -0.0899766 -1.04
-0.0699771 -0.0699771 -1.02
-0.0499778 -0.0499778 -1
-0.0299787 -0.0299787 -0.98
-0.00997993 -0.00997993 -0.96
0.0100184 0.0100184 -0.94
0.0300162 0.0300162 -0.92
0.0500133 0.0500133 -0.9
0.0700094 0.0700094 -0.88
0.0900044 0.0900044 -0.86
0.109998 0.109998 -0.84
0.129989 0.129989 -0.82
0.149979 0.149979 -0.8
0.169965 0.169965 -0.78
0.189947 0.189947 -0.76
0.209924 0.209924 -0.74
0.229895 0.229895 -0.72
0.249859 0.249859 -0.7
0.269813 0.269813 -0.68
0.289755 0.289755 -0.66
0.309683 0.309683 -0.64
0.329594 0.329594 -0.62
0.349482 0.349482 -0.6
0.369345 0.369345 -0.58
0.389175 0.389175 -0.56
0.408967 0.408967 -0.54
0.428711 0.428711 -0.52
0.448399 0.448399 -0.5
0.468019 0.468019 -0.48
0.487558 0.487558 -0.46
0.507001 0.507001 -0.44
0.526331 0.526331 -0.42
0.545525 0.545525 -0.4
0.564562 0.564562 -0.38
0.583414 0.583414 -0.36
0.602052 0.602052 -0.34
0.620442 0.620442 -0.32
0.638549 0.638549 -0.3
0.656331 0.656331 -0.28
0.673747 0.673747 -0.26
0.690751 0.690751 -0.24
0.707297 0.707297 -0.22
0.723338 0.723338 -0.2
0.738827 0.738827 -0.18
0.753719 0.753719 -0.16
0.767974 0.767974 -0.14
0.781556 0.781556 -0.12
0.794434 0.794434 -0.1
0.806586 0.806586 -0.08
0.817998 0.817998 -0.06
0.828666 0.828666 -0.04
0.838594 0.838594 -0.02
0.847793 0.847793 6.45317e-16
0.8641 0.8641 0.04
0.877829 0.877829 0.08
0.889291 0.889291 0.12
0.898826 0.898826 0.16
0.906767 0.906767 0.2
0.913416 0.913416 0.24
0.919036 0.919036 0.28
0.923847 0.923847 0.32
0.928026 0.928026 0.36
0.931716 0.931716 0.4
0.935026 0.935026 0.44
0.938045 0.938045 0.48
0.940837 0.940837 0.52
0.943456 0.943456 0.56
0.94594 0.94594 0.6
0.94832 0.94832 0.64
0.950618 0.950618 0.68
0.952854 0.952854 0.72
0.955041 0.955041 0.76
0.957189 0.957189 0.8
0.959308 0.959308 0.84
0.961402 0.961402 0.88
0.963478 0.963478 0.92
0.965538 0.965538 0.96
0.967587 0.967587 1
0.969627 0.969627 1.04
0.971659 0.971659 1.08
0.973685 0.973685 1.12
0.975706 0.975706 1.16
0.977724 0.977724 1.2
0.979738 0.979738 1.24
0.981749 0.981749 1.28
0.983759 0.983759 1.32
0.985767 0.985767 1.36
0.987773 0.987773 1.4
0.989779 0.989779 1.44
0.991783 0.991783 1.48
0.993784 0.993784 1.52
0.995784 0.995784 1.56
0.997784 0.997784 1.6
0.999785 0.999785 1.64
1.00179 1.00179 1.68
1.00379 1.00379 1.72
1.00579 1.00579 1.76
1.00779 1.00779 1.8
1.00979 1.00979 1.84
1.01179 1.01179 1.88
1.01379 1.01379 1.92
1.01579 1.01579 1.96
1.01779 1.01779 2
1.01979 1.01979 2.04
1.02179 1.02179 2.08
1.02379 1.02379 2.12
1.02579 1.02579 2.16
1.02779 1.02779 2.2
1.02979 1.02979 2.24
1.03179 1.03179 2.28
1.03379 1.03379 2.32
1.03579 1.03579 2.36
1.03779 1.03779 2.4
1.03979 1.03979 2.44
1.04179 1.04179 2.48
1.04379 1.04379 2.52
1.04579 1.04579 2.56
1.04779 1.04779 2.6
1.04979 1.04979 2.64
1.05179 1.05179 2.68
1.05379 1.05379 2.72
1.05579 1.05579 2.76
1.05779 1.05779 2.8
1.05979 1.05979 2.84
1.06179 1.06179 2.88
1.06379 1.06379 2.92
1.06579 1.06579 2.96
1.06778 1.06778 3
1.06978 1.06978 3.04
1.07177 1.07177 3.08
1.07376 1.07376 3.12
1.07574 1.07574 3.16
1.07771 1.07771 3.2
1.07967 1.07967 3.24
1.08161 1.08161 3.28
1.08353 1.08353 3.32
1.08542 1.08542 3.36
1.08726 1.08726 3.4
1.08906 1.08906 3.44
1.09078 1.09078 3.48
1.0924 1.0924 3.52
1.09391 1.09391 3.56
1.09526 1.09526 3.6
1.09641 1.09641 3.64
1.09733 1.09733 3.68
1.09794 1.09794 3.72
1.09821 1.09821 3.76
1.09806 1.09806 3.8
1.09744 1.09744 3.84
1.0963 1.0963 3.88
1.09458 1.09458 3.92
1.09227 1.09227 3.96
1.08935 1.08935 4
1.00935 1.00935 3.92
0.929352 0.929352 3.84
0.849352 0.849352 3.76
0.769352 0.769352 3.68
0.689352 0.689352 3.6
0.609352 0.609352 3.52
0.529352 0.529352 3.44
0.449352 0.449352 3.36
0.369352 0.369352 3.28
0.289352 0.289352 3.2
0.209353 0.209353 3.12
0.129355 0.129355 3.04
0.049362 0.049362 2.96
-0.0306151 -0.0306151 2.88
-0.110549 -0.110549 2.8
-0.190369 -0.190369 2.72
-0.269914 -0.269914 2.64
-0.348827 -0.348827 2.56
-0.426379 -0.426379 2.48
-0.501202 -0.501202 2.4
-0.571036 -0.571036 2.32
-0.632827 -0.632827 2.24
-0.683626 -0.683626 2.16
-0.722096 -0.722096 2.08
-0.749285 -0.749285 2
-0.76783 -0.76783 1.92
-0.780565 -0.780565 1.84
-0.789703 -0.789703 1.76
-0.796711 -0.796711 1.68
-0.802479 -0.802479 1.6
-0.807529 -0.807529 1.52
-0.81216 -0.81216 1.44
-0.816544 -0.816544 1.36
-0.820781 -0.820781 1.28
-0.824929 -0.824929 1.2
-0.829023 -0.829023 1.12
-0.833083 -0.833083 1.04
-0.837122 -0.837122 0.96
-0.841148 -0.841148 0.88
-0.845165 -0.845165 0.8
-0.849176 -0.849176 0.72
-0.853184 -0.853184 0.64
-0.857189 -0.857189 0.56
-0.861193 -0.861193 0.48
-0.865195 -0.865195 0.4
-0.869197 -0.869197 0.32
-0.873198 -0.873198 0.24
-0.877199 -0.877199 0.16
-0.8812 -0.8812 0.08
-0.8852 -0.8852 1.09635e-15
-0.889201 -0.889201 -0.08
-0.893201 -0.893201 -0.16
-0.897201 -0.897201 -0.24
-0.901201 -0.901201 -0.32
-0.905201 -0.905201 -0.4
-0.909202 -0.909202 -0.48
-0.913202 -0.913202 -0.56
-0.917202 -0.917202 -0.64
-0.921202 -0.921202 -0.72
-0.925202 -0.925202 -0.8
-0.929202 -0.929202 -0.88
-0.933202 -0.933202 -0.96
-0.937202 -0.937202 -1.04
-0.941202 -0.941202 -1.12
-0.945202 -0.945202 -1.2
-0.949202 -0.949202 -1.28
-0.953202 -0.953202 -1.36
-0.957202 -0.957202 -1.44
-0.961202 -0.961202 -1.52
-0.965202 -0.965202 -1.6
-0.969202 -0.969202 -1.68
-0.973202 -0.973202 -1.76
-0.977202 -0.977202 -1.84
-0.981202 -0.981202 -1.92
-0.985202 -0.985202 -2
-0.989202 -0.989202 -2.08
-0.993202 -0.993202 -2.16
-0.997202 -0.997202 -2.24
-1.0012 -1.0012 -2.32
-1.0052 -1.0052 -2.4
-1.0092 -1.0092 -2.48
-1.0132 -1.0132 -2.56
-1.0172 -1.0172 -2.64
-1.0212 -1.0212 -2.72
-1.0252 -1.0252 -2.8
-1.0292 -1.0292 -2.88
-1.03319 -1.03319 -2.96
-1.03718 -1.03718 -3.04
-1.04115 -1.04115 -3.12
-1.0451 -1.0451 -3.2
-1.04899 -1.04899 -3.28
-1.05278 -1.05278 -3.36
-1.05639 -1.05639 -3.44
-1.0597 -1.0597 -3.52
-1.0625 -1.0625 -3.6
-1.0645 -1.0645 -3.68
-1.0653 -1.0653 -3.76
-1.06446 -1.06446 -3.84
-1.06155 -1.06155 -3.92
-1.0563 -1.0563 -4
-1.0163 -1.0163 -3.96
-0.9763 -0.9763 -3.92
-0.9363 -0.9363 -3.88
-0.8963 -0.8963 -3.84
-0.8563 -0.8563 -3.8
-0.8163 -0.8163 -3.76
-0.7763 -0.7763 -3.72
-0.7363 -0.7363 -3.68
-0.6963 -0.6963 -3.64
-0.6563 -0.6563 -3.6
-0.6163 -0.6163 -3.56
-0.5763 -0.5763 -3.52
-0.5363 -0.5363 -3.48
-0.4963 -0.4963 -3.44
-0.4563 -0.4563 -3.4
-0.4163 -0.4163 -3.36
-0.3763 -0.3763 -3.32
-0.3363 -0.3363 -3.28
-0.296301 -0.296301 -3.24
-0.256301 -0.256301 -3.2
-0.216302 -0.216302 -3.16
-0.176303 -0.176303 -3.12
-0.136305 -0.136305 -3.08
-0.0963103 -0.0963103 -3.04
-0.0563195 -0.0563195 -3
-0.0163361 -0.0163361 -2.96
0.0236343 0.0236343 -2.92
0.0635828 0.0635828 -2.88
0.103495 0.103495 -2.84
0.143348 0.143348 -2.8
0.183106 0.183106 -2.76
0.222716 0.222716 -2.72
0.262096 0.262096 -2.68
0.30113 0.30113 -2.64
0.339648 0.339648 -2.6
0.377419 0.377419 -2.56
0.414138 0.414138 -2.52
0.449417 0.449417 -2.48
0.482802 0.482802 -2.44
0.513807 0.513807 -2.4
0.54197 0.54197 -2.36
0.566935 0.566935 -2.32
0.588519 0.588519 -2.28
0.606748 0.606748 -2.24
0.621845 0.621845 -2.2
0.634174 0.634174 -2.16
0.644168 0.644168 -2.12
0.652269 0.652269 -2.08
0.658878 0.658878 -2.04
0.664339 0.664339 -2
0.668927 0.668927 -1.96
0.672861 0.672861 -1.92
0.676306 0.676306 -1.88
0.679388 0.679388 -1.84
0.682199 0.682199 -1.8
0.68481 0.68481 -1.76
0.687272 0.687272 -1.72
0.689622 0.689622 -1.68
0.691888 0.691888 -1.64
0.694092 0.694092 -1.6
0.696248 0.696248 -1.56
0.698368 0.698368 -1.52
0.700461 0.700461 -1.48
0.702533 0.702533 -1.44
0.70459 0.70459 -1.4
0.706634 0.706634 -1.36
0.708668 0.708668 -1.32
0.710695 0.710695 -1.28
0.712717 0.712717 -1.24
0.714734 0.714734 -1.2
0.716748 0.716748 -1.16
0.718758 0.718758 -1.12
0.720767 0.720767 -1.08
0.722774 0.722774 -1.04
0.72478 0.72478 -1
0.726784 0.726784 -0.96
0.728788 0.728788 -0.92
0.730791 0.730791 -0.88
0.732793 0.732793 -0.84
0.734795 0.734795 -0.8
0.736797 0.736797 -0.76
0.738798 0.738798 -0.72
0.740799 0.740799 -0.68
0.7428 0.7428 -0.64
0.744801 0.744801 -0.6
0.746802 0.746802 -0.56
0.748802 0.748802 -0.52
0.750802 0.750802 -0.48
0.752803 0.752803 -0.44
0.754803 0.754803 -0.4
0.756803 0.756803 -0.36
0.758804 0.758804 -0.32
0.760804 0.760804 -0.28
0.762804 0.762804 -0.24
0.764804 0.764804 -0.2
0.766804 0.766804 -0.16
0.768804 0.768804 -0.12
0.770804 0.770804 -0.08
0.772804 0.772804 -0.04
0.774804 0.774804 2.28983e-15
0.777805 0.777805 0.06
0.780805 0.780805 0.12
0.783805 0.783805 0.18
0.786805 0.786805 0.24
0.789805 0.789805 0.3
0.792805 0.792805 0.36
0.795805 0.795805 0.42
0.798805 0.798805 0.48
0.801805 0.801805 0.54
0.804805 0.804805 0.6
0.807805 0.807805 0.66
0.810805 0.810805 0.72
0.813805 0.813805 0.78
0.816805 0.816805 0.84
0.819805 0.819805 0.9
0.822805 0.822805 0.96
0.825805 0.825805 1.02
0.828805 0.828805 1.08
0.831805 0.831805 1.14
0.834805 0.834805 1.2
0.837805 0.837805 1.26
0.840805 0.840805 1.32
0.843805 0.843805 1.38
0.846805 0.846805 1.44
0.849805 0.849805 1.5
0.852805 0.852805 1.56
0.855805 0.855805 1.62
0.858805 0.858805 1.68
0.861805 0.861805 1.74
0.864805 0.864805 1.8
0.867805 0.867805 1.86
0.870805 0.870805 1.92
0.873805 0.873805 1.98
0.876805 0.876805 2.04
0.879805 0.879805 2.1
0.882805 0.882805 2.16
0.885805 0.885805 2.22
0.888805 0.888805 2.28
0.891805 0.891805 2.34
0.894805 0.894805 2.4
0.897805 0.897805 2.46
0.900805 0.900805 2.52
0.903805 0.903805 2.58
0.906805 0.906805 2.64
0.909804 0.909804 2.7
0.912804 0.912804 2.76
0.915803 0.915803 2.82
0.9188 0.9188 2.88
0.921797 0.921797 2.94
0.924789 0.924789 3
0.927777 0.927777 3.06
0.930754 0.930754 3.12
0.933716 0.933716 3.18
0.936653 0.936653 3.24
0.939549 0.939549 3.3
0.94238 0.94238 3.36
0.945113 0.945113 3.42
0.947696 0.947696 3.48
0.950058 0.950058 3.54
0.952101 0.952101 3.6
0.953695 0.953695 3.66
0.954679 0.954679 3.72
0.954867 0.954867 3.78
0.954064 0.954064 3.84
0.952094 0.952094 3.9
0.948829 0.948829 3.96
0.944216 0.944216 4.02
0.938287 0.938287 4.08
0.931148 0.931148 4.14
0.922955 0.922955 4.2
0.913884 0.913884 4.26
0.904109 0.904109 4.32
0.893783 0.893783 4.38
0.883036 0.883036 4.44
0.871971 0.871971 4.5
0.860668 0.860668 4.56
0.849189 0.849189 4.62
0.837578 0.837578 4.68
0.82587 0.82587 4.74
0.814089 0.814089 4.8
0.802255 0.802255 4.86
0.79038 0.79038 4.92
0.778476 0.778476 4.98
0.766549 0.766549 5.04
0.754605 0.754605 5.1
0.742648 0.742648 5.16
0.730682 0.730682 5.22
0.718707 0.718707 5.28
0.706728 0.706728 5.34
0.694743 0.694743 5.4
0.682756 0.682756 5.46
0.670766 0.670766 5.52
0.658773 0.658773 5.58
0.646779 0.646779 5.64
0.634784 0.634784 5.7
0.622788 0.622788 5.76
0.610791 0.610791 5.82
0.598794 0.598794 5.88
0.586796 0.586796 5.94
0.574797 0.574797 6
0.454797 0.454797 5.88
0.334797 0.334797 5.76
0.214797 0.214797 5.64
0.0947981 0.0947981 5.52
-0.0251776 -0.0251776 5.4
-0.144741 -0.144741 5.28
-0.260019 -0.260019 5.16
-0.351437 -0.351437 5.04
-0.3955 -0.3955 4.92
-0.411165 -0.411165 4.8
-0.419277 -0.419277 4.68
-0.425773 -0.425773 4.56
-0.431903 -0.431903 4.44
-0.43794 -0.43794 4.32
-0.443952 -0.443952 4.2
-0.449956 -0.449956 4.08
-0.455958 -0.455958 3.96
-0.461958 -0.461958 3.84
-0.467959 -0.467959 3.72
-0.473959 -0.473959 3.6
-0.479959 -0.479959 3.48
-0.485959 -0.485959 3.36
-0.491959 -0.491959 3.24
-0.497959 -0.497959 3.12
-0.503959 -0.503959 3
-0.509959 -0.509959 2.88
-0.515959 -0.515959 2.76
-0.521959 -0.521959 2.64
-0.527959 -0.527959 2.52
-0.533959 -0.533959 2.4
-0.539959 -0.539959 2.28
-0.545959 -0.545959 2.16
-0.551959 -0.551959 2.04
-0.557959 -0.557959 1.92
-0.563959 -0.563959 1.8
-0.569959 -0.569959 1.68
-0.575959 -0.575959 1.56
-0.581959 -0.581959 1.44
-0.587959 -0.587959 1.32
-0.593959 -0.593959 1.2
-0.599959 -0.599959 1.08
-0.605959 -0.605959 0.96
-0.611959 -0.611959 0.84
-0.617959 -0.617959 0.72
-0.623959 -0.623959 0.6
-0.629959 -0.629959 0.48
-0.635959 -0.635959 0.36
-0.641959 -0.641959 0.24
-0.647959 -0.647959 0.12
-0.653959 -0.653959 -1.18933e-14
-0.659959 -0.659959 -0.12
-0.665959 -0.665959 -0.24
-0.671959 -0.671959 -0.36
-0.677959 -0.677959 -0.48
-0.683959 -0.683959 -0.6
-0.689959 -0.689959 -0.72
-0.695959 -0.695959 -0.84
-0.701959 -0.701959 -0.96
-0.707959 -0.707959 -1.08
-0.713959 -0.713959 -1.2
-0.719959 -0.719959 -1.32
-0.725959 -0.725959 -1.44
-0.731959 -0.731959 -1.56
-0.737959 -0.737959 -1.68
-0.743959 -0.743959 -1.8
-0.749959 -0.749959 -1.92
-0.755959 -0.755959 -2.04
-0.761959 -0.761959 -2.16
-0.767959 -0.767959 -2.28
-0.773959 -0.773959 -2.4
-0.779959 -0.779959 -2.52
-0.785959 -0.785959 -2.64
-0.791958 -0.791958 -2.76
-0.797954 -0.797954 -2.88
-0.803943 -0.803943 -3
-0.809908 -0.809908 -3.12
-0.815807 -0.815807 -3.24
-0.821534 -0.821534 -3.36
-0.82685 -0.82685 -3.48
-0.831255 -0.831255 -3.6
-0.833833 -0.833833 -3.72
-0.833218 -0.833218 -3.84
-0.827983 -0.827983 -3.96
-0.817441 -0.817441 -4.08
-0.802109 -0.802109 -4.2
-0.783263 -0.783263 -4.32
-0.76219 -0.76219 -4.44
-0.739822 -0.739822 -4.56
-0.716732 -0.716732 -4.68
-0.693243 -0.693243 -4.8
-0.669534 -0.669534 -4.92
-0.645703 -0.645703 -5.04
-0.621802 -0.621802 -5.16
-0.597861 -0.597861 -5.28
-0.573897 -0.573897 -5.4
-0.54992 -0.54992 -5.52
-0.525933 -0.525933 -5.64
-0.501942 -0.501942 -5.76
-0.477948 -0.477948 -5.88
-0.453951 -0.453951 -6
-0.393951 -0.393951 -5.94
-0.333951 -0.333951 -5.88
-0.273951 -0.273951 -5.82
-0.213951 -0.213951 -5.76
-0.153951 -0.153951 -5.7
-0.0939536 -0.0939536 -5.64
-0.0339775 -0.0339775 -5.58
0.0258284 0.0258284 -5.52
0.0846251 0.0846251 -5.46
0.138953 0.138953 -5.4
0.180562 0.180562 -5.34
0.203791 0.203791 -5.28
0.214413 0.214413 -5.22
0.219922 0.219922 -5.16
0.22375 0.22375 -5.1
0.227036 0.227036 -5.04
0.230142 0.230142 -4.98
0.233183 0.233183 -4.92
0.2362 0.2362 -4.86
0.239207 0.239207 -4.8
0.24221 0.24221 -4.74
0.245212 0.245212 -4.68
0.248212 0.248212 -4.62
0.251213 0.251213 -4.56
0.254213 0.254213 -4.5
0.257213 0.257213 -4.44
0.260213 0.260213 -4.38
0.263213 0.263213 -4.32
0.266213 0.266213 -4.26
0.269213 0.269213 -4.2
0.272213 0.272213 -4.14
0.275213 0.275213 -4.08
0.278213 0.278213 -4.02
0.281213 0.281213 -3.96
0.284213 0.284213 -3.9
0.287213 0.287213 -3.84
0.290213 0.290213 -3.78
0.293213 0.293213 -3.72
0.296213 0.296213 -3.66
0.299213 0.299213 -3.6
0.302213 0.302213 -3.54
0.305213 0.305213 -3.48
0.308213 0.308213 -3.42
0.311213 0.311213 -3.36
0.314213 0.314213 -3.3
0.317213 0.317213 -3.24
0.320213 0.320213 -3.18
0.323213 0.323213 -3.12
0.326213 0.326213 -3.06
0.329213 0.329213 -3
0.332213 0.332213 -2.94
0.335213 0.335213 -2.88
0.338213 0.338213 -2.82
0.341213 0.341213 -2.76
0.344213 0.344213 -2.7
0.347213 0.347213 -2.64
0.350213 0.350213 -2.58
0.353213 0.353213 -2.52
0.356213 0.356213 -2.46
0.359213 0.359213 -2.4
0.362213 0.362213 -2.34
0.365213 0.365213 -2.28
0.368213 0.368213 -2.22
0.371213 0.371213 -2.16
0.374213 0.374213 -2.1
0.377213 0.377213 -2.04
0.380213 0.380213 -1.98
0.383213 0.383213 -1.92
0.386213 0.386213 -1.86
0.389213 0.389213 -1.8
0.392213 0.392213 -1.74
0.395213 0.395213 -1.68
0.398213 0.398213 -1.62
0.401213 0.401213 -1.56
0.404213 0.404213 -1.5
0.407213 0.407213 -1.44
0.410213 0.410213 -1.38
0.413213 0.413213 -1.32
0.416213 0.416213 -1.26
0.419213 0.419213 -1.2
0.422213 0.422213 -1.14
0.425213 0.425213 -1.08
0.428213 0.428213 -1.02
0.431213 0.431213 -0.96
0.434213 0.434213 -0.9
0.437213 0.437213 -0.84
0.440213 0.440213 -0.78
0.443213 0.443213 -0.72
0.446213 0.446213 -0.66
0.449213 0.449213 -0.6
0.452213 0.452213 -0.54
0.455213 0.455213 -0.48
0.458213 0.458213 -0.42
0.461213 0.461213 -0.36
0.464213 0.464213 -0.3
0.467213 0.467213 -0.24
0.470213 0.470213 -0.18
0.473213 0.473213 -0.12
0.476213 0.476213 -0.06
0.479213 0.479213 -2.60417e-14
