0.02 1
0.04 1
0.06 1
0.08 1
0.1 1
0.12 1
0.14 1
0.16 1
0.18 1
0.2 1
0.22 1
0.24 1
0.26 1
0.28 1
0.3 1
0.32 1
0.34 1
0.36 1
0.38 0.999999
0.4 0.999999
0.42 0.999998
0.44 0.999995
0.46 0.999991
0.479999 0.999983
0.499999 0.999969
0.519998 0.999944
0.539997 0.999902
0.559994 0.999831
0.57999 0.999714
0.599982 0.999524
0.61997 0.999221
0.63995 0.998747
0.659918 0.998014
0.679868 0.996895
0.69979 0.995213
0.719671 0.992714
0.739491 0.989052
0.759222 0.983756
0.778826 0.976204
0.79825 0.965598
0.817423 0.950947
0.836253 0.931091
0.854624 0.904762
0.872392 0.870729
0.889395 0.828028
0.905453 0.776261
0.920388 0.715908
0.934042 0.648514
0.946298 0.576646
0.9571 0.50355
0.966455 0.43259
0.974437 0.366664
0.981169 0.307799
0.986803 0.257016
0.991504 0.214444
0.995432 0.17957
0.998732 0.15151
1.00153 0.129235
1.00393 0.111724
1.00603 0.0980498
1.00788 0.0874177
1.00954 0.0791707
1.01105 0.07278
1.01246 0.0678272
1.01378 0.0639851
1.01502 0.0610001
1.01622 0.0586764
1.01737 0.0568632
1.0185 0.0554447
1.01959 0.0543322
1.02067 0.0534571
1.02173 0.0527668
1.02278 0.0522207
1.02382 0.0517875
1.02482 0.0500701
1.02583 0.0500701
1.02683 0.0500701
1.02783 0.0500701
1.02883 0.0500701
1.02983 0.0500701
1.03083 0.0500701
1.03183 0.0500701
1.03284 0.0500701
1.03384 0.0500701
1.03484 0.0500701
1.03584 0.0500701
1.03684 0.0500701
1.03784 0.0500701
1.03884 0.0500701
1.03985 0.0500701
1.04085 0.0500701
1.04185 0.0500701
1.04285 0.0500701
1.04385 0.0500701
1.04485 0.0500701
1.04585 0.0500701
1.04686 0.0500701
1.04786 0.0500701
1.04886 0.0500701
1.04986 0.0500701
1.00986 1
0.96986 1
0.92986 1
0.88986 1
0.84986 1
0.80986 1
0.76986 1
0.72986 1
0.68986 1
0.64986 1
0.60986 1
0.56986 1
0.52986 1
0.48986 1
0.44986 1
0.40986 1
0.36986 1
0.32986 1
0.28986 0.999999
0.24986 0.999999
0.20986 0.999998
0.16986 0.999995
0.12986 0.999991
0.0898608 0.999983
0.0498618 0.999969
0.00986344 0.999944
-0.0301336 0.999902
-0.0701283 0.999831
-0.110119 0.999713
-0.150104 0.999523
-0.19008 0.999221
-0.23004 0.998746
-0.269976 0.998012
-0.309876 0.996892
-0.34972 0.995207
-0.389481 0.992706
-0.429121 0.98904
-0.468583 0.983738
-0.50779 0.976178
-0.546636 0.965561
-0.584981 0.950896
-0.622639 0.93102
-0.659376 0.904667
-0.694909 0.870605
-0.728909 0.827871
-0.761017 0.77607
-0.790879 0.715685
-0.818178 0.648266
-0.842681 0.576382
-0.864272 0.503282
-0.882972 0.43233
-0.898926 0.366424
-0.912381 0.307585
-0.923641 0.25683
-0.933037 0.214287
-0.940887 0.179441
-0.947483 0.151405
-0.953077 0.129151
-0.957879 0.111657
-0.96206 0.0979966
-0.965759 0.0873756
-0.969082 0.0791375
-0.972114 0.0727539
-0.974921 0.0678067
-0.977554 0.063969
-0.98005 0.0609874
-0.982441 0.0586663
-0.98475 0.0568551
-0.986995 0.0554384
-0.98919 0.0543271
-0.991344 0.053453
-0.993468 0.0527635
-0.995567 0.0522181
-0.997647 0.0517854
-0.999711 0.0514411
-1.00176 0.0511664
-1.00381 0.0509466
-1.00584 0.0507702
-1.00787 0.0506284
-1.00989 0.0505139
-1.01191 0.0504213
-1.01392 0.0503463
-1.01594 0.0502853
-1.01795 0.0502355
-1.01996 0.0501949
-1.02196 0.0501617
-1.02397 0.0501344
-1.02597 0.0500124
-1.02797 0.0500124
-1.02997 0.0500124
-1.03197 0.0500124
-1.03397 0.0500124
-1.03597 0.0500124
-1.03797 0.0500124
-1.03997 0.0500124
-1.04197 0.0500124
-1.04397 0.0500124
-1.04597 0.0500124
-1.04797 0.0500124
-1.04998 0.0500124
-1.02998 1
-1.00998 1
-0.989975 1
-0.969975 1
-0.949975 1
-0.929975 1
-0.909975 1
-0.889975 1
-0.869975 1
-0.849975 1
-0.829975 1
-0.809975 1
-0.789975 1
-0.769975 1
-0.749975 1
-0.729975 1
-0.709975 1
-0.689975 1
-0.669975 1
-0.649975 1
-0.629975 1
-0.609975 1
-0.589975 1
-0.569975 1
-0.549975 1
-0.529975 1
-0.509975 1
-0.489975 1
-0.469975 1
-0.449975 1
-0.429975 1
-0.409975 1
-0.389975 1
-0.369975 1
-0.349975 1
-0.329975 1
-0.309975 1
-0.289975 0.999999
-0.269975 0.999999
-0.249975 0.999999
-0.229975 0.999998
-0.209975 0.999997
-0.189975 0.999996
-0.169976 0.999994
-0.149976 0.999992
-0.129976 0.999989
-0.109976 0.999984
-0.0899766 0.999978
-0.0699771 0.99997
-0.0499778 0.99996
-0.0299787 0.999946
-0.00997993 0.999928
0.0100184 0.999904
0.0300162 0.999873
0.0500133 0.999833
0.0700094 0.999781
0.0900044 0.999715
0.109998 0.99963
0.129989 0.999522
0.149979 0.999385
0.169965 0.999212
0.189947 0.998994
0.209924 0.998721
0.229895 0.998381
0.249859 0.997958
0.269813 0.997434
0.289755 0.996787
0.309683 0.995991
0.329594 0.995015
0.349482 0.993821
0.369345 0.992368
0.389175 0.990603
0.408967 0.988469
0.428711 0.985896
0.448399 0.982805
0.468019 0.979107
0.487558 0.974697
0.507001 0.969462
0.526331 0.963273
0.545525 0.955989
0.564562 0.947458
0.583414 0.937518
0.602052 0.926
0.620442 0.912736
0.638549 0.89756
0.656331 0.880318
0.673747 0.86088
0.690751 0.839147
0.707297 0.815062
0.723338 0.788625
0.738827 0.759898
0.753719 0.729017
0.767974 0.696192
0.781556 0.661705
0.794434 0.625904
0.806586 0.589193
0.817998 0.552009
0.828666 0.514807
0.838594 0.478033
0.847793 0.442108
0.8641 0.374252
0.877829 0.313501
0.889291 0.261048
0.898826 0.217108
0.906767 0.181184
0.913416 0.152364
0.919036 0.129567
0.923847 0.111717
0.928026 0.0978373
0.931716 0.0870926
0.935026 0.0787952
0.938045 0.0723938
0.940837 0.0674542
0.943456 0.0636387
0.94594 0.0606867
0.94832 0.0583978
0.950618 0.0566189
0.952854 0.0552326
0.955041 0.0541493
0.957189 0.0533002
0.959308 0.0526328
0.961402 0.0521066
0.963478 0.0516905
0.965538 0.0513605
0.967587 0.051098
0.969627 0.0508886
0.971659 0.0507211
0.973685 0.0505867
0.975706 0.0504786
0.977724 0.0503914
0.979738 0.0503209
0.981749 0.0502637
0.983759 0.0502173
0.985767 0.0501794
0.987773 0.0501484
0.989779 0.0501231
0.991783 0.0501023
0.993784 0.0500094
0.995784 0.0500094
0.997784 0.0500094
0.999785 0.0500094
1.00179 0.0500094
1.00379 0.0500094
1.00579 0.0500094
1.00779 0.0500094
1.00979 0.0500094
1.01179 0.0500094
1.01379 0.0500094
1.01579 0.0500094
1.01779 0.0500094
1.01979 0.0500094
1.02179 0.0500094
1.02379 0.0500094
1.02579 0.0500094
1.02779 0.0500094
1.02979 0.0500094
1.03179 0.0500094
1.03379 0.0500094
1.03579 0.0500094
1.03779 0.0500093
1.03979 0.0500093
1.04179 0.0500092
1.04379 0.050009
1.04579 0.0500086
1.04779 0.050008
1.04979 0.0500071
1.05179 0.0500055
1.05379 0.050003
1.05579 0.0499991
1.05779 0.0499931
1.05979 0.0499838
1.06179 0.0499699
1.06379 0.0499491
1.06579 0.0499185
1.06778 0.0498738
1.06978 0.0498092
1.07177 0.0497168
1.07376 0.0495858
1.07574 0.0494018
1.07771 0.0491454
1.07967 0.0487913
1.08161 0.0483063
1.08353 0.0476472
1.08542 0.0467593
1.08726 0.045573
1.08906 0.0440025
1.09078 0.0419427
1.0924 0.0392688
1.09391 0.0358368
1.09526 0.0314864
1.09641 0.0260492
1.09733 0.0193611
1.09794 0.0112814
1.09821 0.00171689
1.09806 -0.00935129
1.09744 -0.0218433
1.0963 -0.035566
1.09458 -0.0502144
1.09227 -0.0653938
1.08935 -0.08066
1.00935 1
0.929352 1
0.849352 1
0.769352 1
0.689352 1
0.609352 1
0.529352 1
0.449352 1
0.369352 0.999999
0.289352 0.999997
0.209353 0.999987
0.129355 0.999953
0.049362 0.999845
-0.0306151 0.999529
-0.110549 0.998674
-0.190369 0.996518
-0.269914 0.991399
-0.348827 0.979967
-0.426379 0.956046
-0.501202 0.909817
-0.571036 0.829485
-0.632827 0.708772
-0.683626 0.55822
-0.722096 0.405932
-0.749285 0.27962
-0.76783 0.190076
-0.780565 0.132919
-0.789703 0.0985489
-0.796711 0.0784549
-0.802479 0.0668083
-0.807529 0.0600414
-0.81216 0.0560765
-0.816544 0.0537268
-0.820781 0.0523164
-0.824929 0.0514587
-0.829023 0.0509302
-0.833083 0.0506004
-0.837122 0.050392
-0.841148 0.0502588
-0.845165 0.0501726
-0.849176 0.0501163
-0.853184 0.0500791
-0.857189 0.0500543
-0.861193 0.0500376
-0.865195 0.0500262
-0.869197 0.0500184
-0.873198 0.0500131
-0.877199 0.0500093
-0.8812 0.0500067
-0.8852 0.0500049
-0.889201 0.0500035
-0.893201 0.0500026
-0.897201 0.0500019
-0.901201 0.0500014
-0.905201 0.0500011
-0.909202 0.0500008
-0.913202 0.0500006
-0.917202 0.0500005
-0.921202 0.0500003
-0.925202 0.0500003
-0.929202 0.0500002
-0.933202 0.0500002
-0.937202 0.0500001
-0.941202 0.0500001
-0.945202 0.0500001
-0.949202 0.0500001
-0.953202 0.05
-0.957202 0.05
-0.961202 0.05
-0.965202 0.05
-0.969202 0.05
-0.973202 0.05
-0.977202 0.05
-0.981202 0.05
-0.985202 0.05
-0.989202 0.05
-0.993202 0.05
-0.997202 0.05
-1.0012 0.05
-1.0052 0.0499999
-1.0092 0.0499996
-1.0132 0.0499989
-1.0172 0.0499969
-1.0212 0.0499919
-1.0252 0.0499798
-1.0292 0.0499524
-1.03319 0.0498929
-1.03718 0.0497689
-1.04115 0.0495201
-1.0451 0.0490374
-1.04899 0.0481316
-1.05278 0.046485
-1.05639 0.0435895
-1.0597 0.0386804
-1.0625 0.030707
-1.0645 0.0184262
-1.0653 0.00074254
-1.06446 -0.0226633
-1.06155 -0.0506734
-1.0563 -0.0806448
-1.0163 1
-0.9763 1
-0.9363 1
-0.8963 1
-0.8563 1
-0.8163 1
-0.7763 1
-0.7363 1
-0.6963 1
-0.6563 1
-0.6163 1
-0.5763 1
-0.5363 1
-0.4963 1
-0.4563 1
-0.4163 1
-0.3763 0.999999
-0.3363 0.999998
-0.296301 0.999995
-0.256301 0.999989
-0.216302 0.999978
-0.176303 0.999955
-0.136305 0.999913
-0.0963103 0.999835
-0.0563195 0.999695
-0.0163361 0.999451
0.0236343 0.999033
0.0635828 0.998333
0.103495 0.997182
0.143348 0.995322
0.183106 0.992374
0.222716 0.98778
0.262096 0.980752
0.30113 0.970211
0.339648 0.954735
0.377419 0.93257
0.414138 0.901736
0.449417 0.860308
0.482802 0.806909
0.513807 0.741362
0.54197 0.665275
0.566935 0.582203
0.588519 0.497119
0.606748 0.415298
0.621845 0.341092
0.634174 0.277169
0.644168 0.224412
0.652269 0.182319
0.658878 0.149581
0.664339 0.124584
0.668927 0.105736
0.672861 0.0916366
0.676306 0.081138
0.679388 0.0733359
0.682199 0.0675383
0.68481 0.0632248
0.687272 0.0600085
0.689622 0.0576034
0.691888 0.0557991
0.694092 0.0544406
0.696248 0.0534139
0.698368 0.0526349
0.700461 0.0520417
0.702533 0.051588
0.70459 0.0512398
0.706634 0.0509716
0.708668 0.050764
0.710695 0.050603
0.712717 0.0504775
0.714734 0.0503793
0.716748 0.0503024
0.718758 0.0502418
0.720767 0.0501939
0.722774 0.050156
0.72478 0.0501258
0.726784 0.0501018
0.728788 0.0500826
0.730791 0.0500672
0.732793 0.0500548
0.734795 0.0500448
0.736797 0.0500367
0.738798 0.0500302
0.740799 0.0500249
0.7428 0.0500205
0.744801 0.050017
0.746802 0.0500141
0.748802 0.0500117
0.750802 0.0500098
0.752803 0.0500081
0.754803 0.0500068
0.756803 0.0500057
0.758804 0.0500048
0.760804 0.050004
0.762804 0.0500034
0.764804 0.0500029
0.766804 0.0500024
0.768804 0.0500021
0.770804 0.0500017
0.772804 0.0500015
0.774804 0.0500013
0.777805 0.050001
0.780805 0.0500008
0.783805 0.0500006
0.786805 0.0500005
0.789805 0.0500004
0.792805 0.0500003
0.795805 0.0500003
0.798805 0.0500002
0.801805 0.0500002
0.804805 0.0500001
0.807805 0.0500001
0.810805 0.0500001
0.813805 0.0500001
0.816805 0.0500001
0.819805 0.05
0.822805 0.05
0.825805 0.05
0.828805 0.05
0.831805 0.05
0.834805 0.05
0.837805 0.05
0.840805 0.05
0.843805 0.05
0.846805 0.05
0.849805 0.05
0.852805 0.05
0.855805 0.05
0.858805 0.05
0.861805 0.05
0.864805 0.05
0.867805 0.05
0.870805 0.05
0.873805 0.05
0.876805 0.05
0.879805 0.05
0.882805 0.05
0.885805 0.05
0.888805 0.05
0.891805 0.05
0.894805 0.0499999
0.897805 0.0499997
0.900805 0.0499994
0.903805 0.0499986
0.906805 0.0499969
0.909804 0.0499936
0.912804 0.0499871
0.915803 0.0499749
0.9188 0.0499524
0.921797 0.0499122
0.924789 0.0498419
0.927777 0.0497216
0.930754 0.04952
0.933716 0.0491886
0.936653 0.0486536
0.939549 0.0478054
0.94238 0.046485
0.945113 0.0444674
0.947696 0.0414459
0.950058 0.0370212
0.952101 0.030707
0.953695 0.0219677
0.954679 0.0103067
0.954867 -0.00458774
0.954064 -0.0226633
0.952094 -0.0433627
0.948829 -0.0656205
0.944216 -0.0880524
0.938287 -0.10928
0.931148 -0.128244
0.922955 -0.144362
0.913884 -0.157513
0.904109 -0.167907
0.893783 -0.17593
0.883036 -0.18202
0.871971 -0.186591
0.860668 -0.189998
0.849189 -0.192529
0.837578 -0.194406
0.82587 -0.195799
0.814089 -0.196834
0.802255 -0.197605
0.79038 -0.198181
0.778476 -0.198613
0.766549 -0.198938
0.754605 -0.199184
0.742648 -0.19937
0.730682 -0.199512
0.718707 -0.19962
0.706728 -0.199704
0.694743 -0.199768
0.682756 -0.199817
0.670766 -0.199856
0.658773 -0.199886
0.646779 -0.199909
0.634784 -0.199928
0.622788 -0.199942
0.610791 -0.199954
0.598794 -0.199963
0.586796 -0.19997
0.574797 -0.199976
0.454797 1
0.334797 1
0.214797 1
0.0947981 0.999976
-0.0251776 0.999332
-0.144741 0.989802
-0.260019 0.905935
-0.351437 0.569487
-0.3955 0.205579
-0.411165 0.0840986
-0.419277 0.0576965
-0.425773 0.0519292
-0.431903 0.0505372
-0.43794 0.0501642
-0.443952 0.0500545
-0.449956 0.0500194
-0.455958 0.0500074
-0.461958 0.0500029
-0.467959 0.0500012
-0.473959 0.0500005
-0.479959 0.0500003
-0.485959 0.0500001
-0.491959 0.0500001
-0.497959 0.05
-0.503959 0.05
-0.509959 0.05
-0.515959 0.05
-0.521959 0.05
-0.527959 0.05
-0.533959 0.05
-0.539959 0.05
-0.545959 0.05
-0.551959 0.05
-0.557959 0.05
-0.563959 0.05
-0.569959 0.05
-0.575959 0.05
-0.581959 0.05
-0.587959 0.05
-0.593959 0.05
-0.599959 0.05
-0.605959 0.05
-0.611959 0.05
-0.617959 0.05
-0.623959 0.05
-0.629959 0.05
-0.635959 0.05
-0.641959 0.05
-0.647959 0.05
-0.653959 0.05
-0.659959 0.05
-0.665959 0.05
-0.671959 0.05
-0.677959 0.05
-0.683959 0.05
-0.689959 0.05
-0.695959 0.05
-0.701959 0.05
-0.707959 0.05
-0.713959 0.05
-0.719959 0.05
-0.725959 0.05
-0.731959 0.05
-0.737959 0.05
-0.743959 0.05
-0.749959 0.05
-0.755959 0.05
-0.761959 0.05
-0.767959 0.05
-0.773959 0.0499999
-0.779959 0.0499994
-0.785959 0.0499969
-0.791958 0.0499871
-0.797954 0.0499524
-0.803943 0.0498419
-0.809908 0.04952
-0.815807 0.0486536
-0.821534 0.046485
-0.82685 0.0414459
-0.831255 0.030707
-0.833833 0.0103067
-0.833218 -0.0226633
-0.827983 -0.0656205
-0.817441 -0.10928
-0.802109 -0.144362
-0.783263 -0.167907
-0.76219 -0.18202
-0.739822 -0.189998
-0.716732 -0.194406
-0.693243 -0.196834
-0.669534 -0.198181
-0.645703 -0.198938
-0.621802 -0.19937
-0.597861 -0.19962
-0.573897 -0.199768
-0.54992 -0.199856
-0.525933 -0.199909
-0.501942 -0.199942
-0.477948 -0.199963
-0.453951 -0.199976
-0.393951 1
-0.333951 1
-0.273951 1
-0.213951 1
-0.153951 0.999994
-0.0939536 0.999902
-0.0339775 0.999007
0.0258284 0.992685
0.0846251 0.958689
0.138953 0.82746
0.180562 0.539071
0.203791 0.256346
0.214413 0.119673
0.219922 0.072686
0.22375 0.0576814
0.227036 0.0527551
0.230142 0.0510472
0.233183 0.05042
0.2362 0.0501769
0.239207 0.0500779
0.24221 0.0500357
0.245212 0.050017
0.248212 0.0500083
0.251213 0.0500042
0.254213 0.0500022
0.257213 0.0500012
0.260213 0.0500006
0.263213 0.0500004
0.266213 0.0500002
0.269213 0.0500001
0.272213 0.0500001
0.275213 0.05
0.278213 0.05
0.281213 0.05
0.284213 0.05
0.287213 0.05
0.290213 0.05
0.293213 0.05
0.296213 0.05
0.299213 0.05
0.302213 0.05
0.305213 0.05
0.308213 0.05
0.311213 0.05
0.314213 0.05
0.317213 0.05
0.320213 0.05
0.323213 0.05
0.326213 0.05
0.329213 0.05
0.332213 0.05
0.335213 0.05
0.338213 0.05
0.341213 0.05
0.344213 0.05
0.347213 0.05
0.350213 0.05
0.353213 0.05
0.356213 0.05
0.359213 0.05
0.362213 0.05
0.365213 0.05
0.368213 0.05
0.371213 0.05
0.374213 0.05
0.377213 0.05
0.380213 0.05
0.383213 0.05
0.386213 0.05
0.389213 0.05
0.392213 0.05
0.395213 0.05
0.398213 0.05
0.401213 0.05
0.404213 0.05
0.407213 0.05
0.410213 0.05
0.413213 0.05
0.416213 0.05
0.419213 0.05
0.422213 0.05
0.425213 0.05
0.428213 0.05
0.431213 0.05
0.434213 0.05
0.437213 0.05
0.440213 0.05
0.443213 0.05
0.446213 0.05
0.449213 0.05
0.452213 0.05
0.455213 0.05
0.458213 0.05
0.461213 0.05
0.464213 0.05
0.467213 0.05
0.470213 0.05
0.473213 0.05
0.476213 0.05
0.479213 0.05
