-0.00271735
0.00271735
0.00163041
0.00163041
0.00163041
0.00163041
0.00163041
0.00163041
0.00163041
0.00217388
0.00217388
0.00217388
0.00217388
0.00217388
0.00217388
0.00217388
0.00217388
0.00217388
0.00217388
0.00217388
0.00217388
0.00217388
0.00217388
0.00217388
0.00217388
0.00217388
0.00217388
0.00217388
0.00217388
0.00217388
0.00217388
0.00217388
0.00217388
0.00217388
0.00217388
0.00217388
0.00217388
0.00217388
0.00217388
0.00217388
0.00217388
0.00217388
0.00217388
0.00217388
0.00163041
0.00163041
0.00163041
0.00163041
0.00163041
0.00163041
0.00163041
0.00163041
0.00163041
0.00163041
0.00163041
0.00163041
0.00217388
0.00217388
0.00217388
0.00217388
0.00217388
0.00217388
0.00217388
0.00217388
0.00217388
0.00217388
0.00217388
0.00217388
0.00217388
0.00217388
0.00271735
0.00271735
0.00271735
0.00271735
0.00271735
0.00271735
0.00271735
0.00271735
0.00271735
0.00271735
0.00271735
0.00271735
0.00217388
0.00217388
0.00163041
0.00163041
0.00108694
0.00108694
0.00108694
0.00054347
0.00054347
0.00054347
0.00054347
0.00054347
0
0
0.00054347
0.00054347
0.00054347
0.00108694
0.00108694
0.00163041
0.00217388
0.00217388
0.00217388
0.00217388
0.00217388
0.00217388
0.00217388
0.00163041
0.00108694
0.00108694
0.00054347
0.00054347
0
0
0
-0.00054347
-0.00108694
-0.00108694
-0.00108694
-0.00163041
-0.00217388
-0.00271735
-0.00326082
-0.00326082
-0.00380429
-0.00380429
-0.00380429
-0.00380429
-0.00326082
-0.00271735
-0.00217388
-0.00108694
-0.00054347
0.00054347
0.00163041
0.00326082
0.00489123
0.0054347
0.00652164
0.00706511
0.00815205
0.00869552
0.00923899
0.00923899
0.00869552
0.00869552
0.00760858
0.00652164
0.0054347
0.00380429
0.00271735
0.00163041
0.00054347
-0.00054347
-0.00163041
-0.00271735
-0.00434776
-0.0054347
-0.00652164
-0.00706511
-0.00706511
-0.00706511
-0.00652164
-0.00652164
-0.00597817
-0.0054347
-0.00434776
-0.00271735
-0.00108694
0.00054347
0.00217388
0.00380429
0.00489123
0.00652164
0.00760858
0.00869552
0.00978246
0.0108694
0.01195634
0.01249981
0.01304328
0.01413022
0.01521716
0.01576063
0.01576063
0.01576063
0.01576063
0.0163041
0.01576063
0.01413022
0.01141287
0.00815205
0.00597817
0.00380429
0.00271735
0.00217388
0.00108694
0.00054347
0.00054347
0.00108694
0.00217388
0.00380429
0.00652164
0.00869552
0.01032593
0.01141287
0.01141287
0.0108694
0.00978246
0.00760858
0.00489123
0.00217388
-0.00163041
-0.00489123
-0.00815205
-0.0108694
-0.01195634
-0.01304328
-0.01358675
-0.01249981
-0.01032593
-0.00815205
-0.0054347
-0.00271735
-0.00108694
0
0
-0.00054347
-0.00054347
-0.00163041
-0.00217388
-0.00271735
-0.00163041
0
0.00163041
0.00271735
0.00380429
0.00489123
0.00597817
0.00652164
0.00706511
0.00706511
0.00652164
0.00597817
0.00434776
0.00271735
0.00163041
0.00108694
0.00108694
0.00054347
0.00054347
0.00054347
-0.00054347
-0.00163041
-0.00271735
-0.00380429
-0.00489123
-0.00597817
-0.00597817
-0.00597817
-0.0054347
-0.00489123
-0.00380429
-0.00217388
-0.00108694
0
0.00054347
0.00054347
0
-0.00054347
-0.00163041
-0.00271735
-0.00380429
-0.00489123
-0.00489123
-0.00489123
-0.00434776
-0.00271735
-0.00108694
0.00054347
0.00217388
0.00326082
0.00489123
0.0054347
0.00597817
0.0054347
0.00489123
0.00271735
0
-0.00380429
-0.00652164
-0.00869552
-0.00978246
-0.01032593
-0.01032593
-0.01141287
-0.01249981
-0.01413022
-0.01521716
-0.01576063
-0.01576063
-0.01521716
-0.01467369
-0.01249981
-0.00978246
-0.00597817
-0.00163041
0.00217388
0.00597817
0.00923899
0.01249981
0.01467369
0.0163041
0.01684757
0.01684757
0.0163041
0.01576063
0.01576063
0.01576063
0.01576063
0.01576063
0.01521716
0.01358675
0.01141287
0.00760858
0.00271735
-0.00271735
-0.00652164
-0.00869552
-0.00869552
-0.00869552
-0.00760858
-0.0054347
-0.00108694
0.00434776
0.01032593
0.01521716
0.01793451
0.01902145
0.01902145
0.01739104
0.01413022
0.00923899
0.00271735
-0.00489123
-0.01195634
-0.01793451
-0.02228227
-0.02499962
-0.02608656
-0.02608656
-0.02554309
-0.02445615
-0.0217388
-0.01793451
-0.01304328
-0.00652164
0.00108694
0.00923899
0.01684757
0.02282574
0.02608656
0.0271735
0.02554309
0.02391268
0.02119533
0.0163041
0.01032593
0.00217388
-0.0054347
-0.01304328
-0.02010839
-0.02499962
-0.02771697
-0.02826044
-0.02663003
-0.02336921
-0.01847798
-0.01195634
-0.00217388
0.00815205
0.0163041
0.01956492
0.01793451
0.01358675
0.00706511
0
-0.00815205
-0.0163041
-0.02336921
-0.02771697
-0.03043432
-0.03206473
-0.03206473
-0.03043432
-0.02663003
-0.02119533
-0.01358675
-0.0054347
0.00434776
0.01413022
0.02499962
0.03641249
0.04619495
0.05271659
0.05652088
0.05815129
0.0597817
0.06032517
0.0597817
0.05706435
0.05054271
0.04239066
0.03478208
0.02989085
0.02771697
0.02771697
0.02989085
0.03423861
0.04021678
0.04619495
0.05162965
0.05597741
0.06141211
0.06739028
0.07391192
0.07880315
0.08097703
0.0815205
0.08097703
0.08043356
0.07989009
0.07934662
0.07880315
0.07771621
0.07717274
0.0760858
0.07554233
0.07554233
0.07554233
0.07554233
0.07554233
0.07445539
0.07228151
0.06902069
0.06358599
0.05652088
0.04782536
0.03749943
0.02663003
0.01521716
0.00271735
-0.01195634
-0.02771697
-0.04510801
-0.06304252
-0.08206397
-0.10054195
-0.11630258
-0.13097627
-0.14564996
-0.15923671
-0.17173652
-0.18314939
-0.19401879
-0.20434472
-0.21358371
-0.2228227
-0.23206169
-0.24130068
-0.24945273
-0.25651784
-0.26195254
-0.26575683
-0.26684377
-0.26684377
-0.2663003
-0.26575683
-0.26466989
-0.26195254
-0.25814825
-0.25434396
-0.25108314
-0.24836579
-0.24510497
-0.24075721
-0.23640945
-0.23206169
-0.22880087
-0.22608352
-0.22336617
-0.22010535
-0.21412718
-0.20543166
-0.19130144
-0.16901917
-0.13804138
-0.10217236
-0.06902069
-0.04130372
-0.01684757
0.00597817
0.02826044
0.05054271
0.07336845
0.09836807
0.12608504
0.15706283
0.1902145
0.22499658
0.25923519
0.28640869
0.30379973
0.31466913
0.32282118
0.32825588
0.33097323
0.33260364
0.33532099
0.34021222
0.34564692
0.34999468
0.34945121
0.34129916
0.32553853
0.30053891
0.26738724
0.22988781
0.19347532
0.16358447
0.13858485
0.11467217
0.09075949
0.06793375
0.04728189
0.02826044
0.01032593
-0.00978246
-0.03206473
-0.05815129
-0.08804214
-0.11738952
-0.14021526
-0.15054119
-0.14184567
-0.11793299
-0.09347684
-0.08315091
-0.08912908
-0.10543318
-0.12119381
-0.12608504
-0.12119381
-0.11575911
-0.11793299
-0.12445463
-0.1249981
-0.11304176
-0.08912908
-0.0597817
-0.03152126
-0.00434776
0.02554309
0.05923823
0.09293337
0.12173728
0.14347608
0.15978018
0.17119305
0.17608428
0.17771469
0.17825816
0.1793451
0.17988857
0.18043204
0.18097551
0.18206245
0.18260592
0.18314939
0.18314939
0.18151898
0.17771469
0.16901917
0.15162813
0.12717198
0.09891154
0.06630334
0.02771697
-0.01413022
-0.05162965
-0.08206397
-0.10706359
-0.13260668
-0.15923671
-0.18532327
-0.20760554
-0.22608352
-0.24238762
-0.25651784
-0.26793071
-0.27608276
-0.27880011
-0.27662623
-0.27064806
-0.26195254
-0.25162661
-0.23858333
-0.22336617
-0.20543166
-0.18423633
-0.16032365
-0.13478056
-0.10923747
-0.08315091
-0.05108618
-0.01304328
0.02336921
0.0489123
0.06304252
0.07119457
0.07825968
0.08315091
0.08586826
0.08532479
0.08369438
0.08260744
0.08315091
0.08532479
0.08749867
0.09075949
0.09347684
0.09565072
0.09619419
0.09565072
0.09402031
0.0923899
0.09075949
0.08749867
0.0815205
0.07445539
0.06902069
0.0652164
0.06358599
0.06195558
0.06086864
0.06141211
0.06249905
0.0652164
0.06793375
0.07173804
0.07717274
0.08478132
0.09184643
0.09891154
0.10597665
0.11304176
0.1195634
0.12282422
0.11901993
0.10434624
0.08043356
0.05162965
0.02499962
0.00597817
-0.00489123
-0.0108694
-0.01521716
-0.01847798
-0.02065186
-0.02065186
-0.01902145
-0.01684757
-0.01413022
-0.0108694
-0.00760858
-0.00489123
-0.00380429
-0.00489123
-0.00706511
-0.00923899
-0.01304328
-0.01847798
-0.02445615
-0.03043432
-0.03369514
-0.03695596
-0.04130372
-0.04619495
-0.05162965
-0.05760782
-0.06304252
-0.06684681
-0.06793375
-0.06684681
-0.0652164
-0.06304252
-0.0597817
-0.05380353
-0.04619495
-0.03912984
-0.03369514
-0.02771697
-0.0217388
-0.01576063
-0.01032593
-0.0054347
-0.00054347
0.00380429
0.00760858
0.01032593
0.01304328
0.0163041
0.02065186
0.02663003
0.03369514
0.04076025
0.04565148
0.04836883
0.04836883
0.04673842
0.0434776
0.04021678
0.03641249
0.03097779
0.02445615
0.01793451
0.01195634
0.00652164
0.00163041
-0.00271735
-0.00597817
-0.00815205
-0.00978246
-0.0108694
-0.01195634
-0.01413022
-0.01684757
-0.01956492
-0.02065186
-0.02065186
-0.02010839
-0.02065186
-0.02228227
-0.02554309
-0.02989085
-0.03695596
-0.04619495
-0.05543394
-0.06467293
-0.07282498
-0.08043356
-0.08641173
-0.09021602
-0.09130296
-0.09021602
-0.08858561
-0.08641173
-0.08369438
-0.08097703
-0.07825968
-0.07662927
-0.0760858
-0.07717274
-0.07825968
-0.07934662
-0.08043356
-0.08206397
-0.08478132
-0.08858561
-0.09293337
-0.09728113
-0.10271583
-0.108694
-0.1141287
-0.11521564
-0.10760706
-0.08804214
-0.05815129
-0.02391268
0.00706511
0.02934738
0.0434776
0.05489047
0.06793375
0.0815205
0.09402031
0.10271583
0.10923747
0.11467217
0.11901993
0.12119381
0.12228075
0.12173728
0.1195634
0.11738952
0.11358523
0.10543318
0.09130296
0.07717274
0.06630334
0.05597741
0.04239066
0.02499962
0.00652164
-0.01032593
-0.0271735
-0.04673842
-0.06575987
-0.08043356
-0.09075949
-0.09836807
-0.10543318
-0.11304176
-0.12228075
-0.13151974
-0.13912832
-0.14456302
-0.14782384
-0.1467369
-0.14075873
-0.13097627
-0.12065034
-0.10978094
-0.09891154
-0.0869552
-0.07499886
-0.06304252
-0.05108618
-0.03967331
-0.02771697
-0.01684757
-0.00706511
0.00108694
0.00978246
0.01793451
0.02445615
0.02934738
0.03369514
0.03912984
0.04565148
0.05271659
0.05923823
0.06467293
0.07119457
0.07880315
0.08749867
0.09619419
0.10652012
0.11684605
0.12554157
0.13097627
0.13206321
0.12662851
0.11630258
0.1032593
0.09075949
0.08206397
0.07717274
0.07445539
0.07282498
0.07119457
0.07119457
0.07228151
0.07445539
0.07499886
0.07228151
0.06847722
0.0652164
0.06195558
0.05815129
0.05326006
0.0489123
0.04565148
0.04402107
0.04184719
0.03967331
0.03858637
0.03749943
0.03641249
0.0326082
0.02554309
0.01793451
0.01141287
0.00869552
0.00760858
0.00597817
0.00163041
-0.0054347
-0.01358675
-0.02336921
-0.03423861
-0.04619495
-0.05760782
-0.06793375
-0.07934662
-0.0923899
-0.10652012
-0.11901993
-0.12771545
-0.13315015
-0.13695444
-0.14021526
-0.14293261
-0.14510649
-0.1467369
-0.14782384
-0.14728037
-0.14564996
-0.14401955
-0.14293261
-0.1413022
-0.13967179
-0.13749791
-0.13532403
-0.13423709
-0.13260668
-0.12988933
-0.12336769
-0.11249829
-0.09836807
-0.08206397
-0.06684681
-0.05271659
-0.04021678
-0.02880391
-0.01847798
-0.01032593
-0.00380429
0.00108694
0.00489123
0.00760858
0.01032593
0.01304328
0.01684757
0.0217388
0.02608656
0.03097779
0.03749943
0.04456454
0.05162965
0.05815129
0.06412946
0.07010763
0.07662927
0.08206397
0.08641173
0.08912908
0.09021602
0.09130296
0.0923899
0.09347684
0.09347684
0.0923899
0.09075949
0.09075949
0.09184643
0.09456378
0.09619419
0.09673766
0.09510725
0.09021602
0.08206397
0.07173804
0.05923823
0.04456454
0.02989085
0.01684757
0.00923899
0.00978246
0.01684757
0.02554309
0.03369514
0.03967331
0.04456454
0.05054271
0.05760782
0.06684681
0.0760858
0.08369438
0.08858561
0.09130296
0.09184643
0.09184643
0.09075949
0.08912908
0.0869552
0.08423785
0.08206397
0.08097703
0.08097703
0.0815205
0.08097703
0.07934662
0.07717274
0.07391192
0.0706511
0.06630334
0.06032517
0.05217312
0.04184719
0.03097779
0.02119533
0.01304328
0.00652164
0.00054347
-0.00434776
-0.00815205
-0.0108694
-0.01467369
-0.01902145
-0.02336921
-0.0271735
-0.02880391
-0.02934738
-0.02771697
-0.02391268
-0.01684757
-0.00760858
0.00380429
0.01576063
0.02826044
0.04021678
0.05054271
0.06032517
0.07010763
0.07880315
0.08478132
0.08858561
0.09021602
0.08967255
0.08641173
0.08097703
0.07282498
0.06195558
0.04945577
0.03586902
0.02282574
0.01141287
0.00163041
-0.00706511
-0.01467369
-0.02282574
-0.03152126
-0.04021678
-0.04945577
-0.05869476
-0.06739028
-0.0760858
-0.08532479
-0.09456378
-0.10488971
-0.11521564
-0.12445463
-0.13260668
-0.13912832
-0.14401955
-0.1467369
-0.14782384
-0.14836731
-0.14782384
-0.14564996
-0.14238914
-0.13858485
-0.13423709
-0.12880239
-0.12228075
-0.11467217
-0.10815053
-0.10217236
-0.09673766
-0.09130296
-0.08478132
-0.07717274
-0.06902069
-0.06086864
-0.05217312
-0.04130372
-0.03043432
-0.02065186
-0.0108694
-0.00163041
0.00706511
0.01413022
0.0217388
0.02880391
0.03586902
0.04293413
0.04999924
0.05706435
0.06467293
0.07228151
0.07989009
0.08641173
0.09293337
0.09836807
0.10380277
0.10815053
0.11195482
0.1141287
0.11630258
0.11738952
0.11684605
0.11467217
0.10923747
0.09999848
0.0869552
0.06847722
0.04673842
0.02336921
0.00054347
-0.01902145
-0.03423861
-0.04510801
-0.05217312
-0.05489047
-0.054347
-0.05326006
-0.05162965
-0.04999924
-0.04728189
-0.04239066
-0.03695596
-0.03097779
-0.02445615
-0.01739104
-0.00869552
0.00163041
0.01576063
0.0326082
0.05162965
0.07010763
0.08749867
0.10108542
0.10923747
0.11249829
0.11195482
0.10978094
0.10706359
0.10652012
0.10760706
0.10978094
0.11195482
0.1141287
0.11630258
0.11793299
0.11901993
0.12010687
0.12065034
0.12010687
0.11738952
0.11086788
0.10054195
0.0869552
0.07010763
0.05108618
0.03097779
0.01141287
-0.00706511
-0.02499962
-0.0434776
-0.06195558
-0.07662927
-0.08858561
-0.0978246
-0.10434624
-0.108694
-0.11141135
-0.11195482
-0.11032441
-0.10760706
-0.1032593
-0.0978246
-0.0923899
-0.08749867
-0.08478132
-0.08423785
-0.08532479
-0.0869552
-0.08967255
-0.0923899
-0.09565072
-0.09836807
-0.09945501
-0.09999848
-0.09999848
-0.09945501
-0.09728113
-0.09293337
-0.08641173
-0.07934662
-0.07173804
-0.0652164
-0.05815129
-0.05217312
-0.04673842
-0.04239066
-0.0380429
-0.03423861
-0.03043432
-0.02826044
-0.0271735
-0.02663003
-0.0271735
-0.02771697
-0.02934738
-0.03043432
-0.03043432
-0.0271735
-0.02228227
-0.01576063
-0.00869552
-0.00054347
0.00815205
0.0163041
0.02445615
0.0326082
0.04076025
0.04836883
0.05597741
0.06304252
0.06847722
0.07282498
0.07499886
0.07554233
0.07391192
0.07010763
0.06304252
0.054347
0.04565148
0.03749943
0.03043432
0.02499962
0.02119533
0.01847798
0.01739104
0.01684757
0.01793451
0.02065186
0.02391268
0.02826044
0.03423861
0.04076025
0.04836883
0.05597741
0.06358599
0.07010763
0.07554233
0.08043356
0.08423785
0.08586826
0.08532479
0.08260744
0.07825968
0.07119457
0.0597817
0.04402107
0.02554309
0.00815205
-0.00652164
-0.01739104
-0.02663003
-0.03369514
-0.04076025
-0.04782536
-0.05489047
-0.0597817
-0.06358599
-0.06575987
-0.06739028
-0.06847722
-0.06847722
-0.06847722
-0.06793375
-0.06739028
-0.06684681
-0.06575987
-0.06467293
-0.06304252
-0.06032517
-0.05597741
-0.04999924
-0.04184719
-0.03152126
-0.01956492
-0.00652164
0.0054347
0.01576063
0.02391268
0.02989085
0.03423861
0.03749943
0.03912984
0.03967331
0.03967331
0.03967331
0.03967331
0.03912984
0.03749943
0.03586902
0.03315167
0.03043432
0.02663003
0.02391268
0.02119533
0.01902145
0.0163041
0.01358675
0.01032593
0.00597817
0.00163041
-0.00326082
-0.00923899
-0.01576063
-0.02228227
-0.02771697
-0.03206473
-0.03586902
-0.04021678
-0.04456454
-0.04945577
-0.05489047
-0.05923823
-0.06249905
-0.06575987
-0.06956416
-0.07499886
-0.07934662
-0.08369438
-0.08804214
-0.0923899
-0.09673766
-0.10162889
-0.10543318
-0.108694
-0.11249829
-0.11575911
-0.11901993
-0.12119381
-0.12282422
-0.1249981
-0.12662851
-0.12717198
-0.12717198
-0.12662851
-0.12608504
-0.12445463
-0.12173728
-0.11847646
-0.11630258
-0.11358523
-0.11032441
-0.10652012
-0.10217236
-0.09836807
-0.09347684
-0.08912908
-0.08423785
-0.07934662
-0.07445539
-0.06956416
-0.06467293
-0.05869476
-0.05271659
-0.04565148
-0.03858637
-0.03097779
-0.0217388
-0.01141287
-0.00054347
0.00815205
0.01467369
0.01793451
0.01793451
0.01576063
0.0108694
0.0054347
0.00054347
-0.00108694
-0.00163041
-0.00054347
0.00054347
0.00217388
0.0054347
0.01032593
0.0163041
0.02336921
0.0326082
0.04184719
0.05108618
0.0597817
0.06847722
0.07662927
0.08423785
0.09075949
0.09673766
0.10162889
0.10597665
0.108694
0.11086788
0.11304176
0.1141287
0.11467217
0.11358523
0.11249829
0.11141135
0.11141135
0.11141135
0.11032441
0.108694
0.10652012
0.10380277
0.09999848
0.09565072
0.09130296
0.08641173
0.08097703
0.07391192
0.06684681
0.0597817
0.05489047
0.05217312
0.05108618
0.05108618
0.05162965
0.05271659
0.054347
0.05706435
0.06195558
0.06739028
0.07228151
0.0760858
0.07825968
0.07880315
0.07880315
0.07771621
0.07717274
0.07554233
0.07499886
0.07445539
0.07445539
0.07499886
0.07554233
0.07662927
0.07717274
0.07717274
0.07771621
0.07771621
0.07771621
0.07662927
0.07445539
0.07119457
0.06739028
0.06141211
0.054347
0.04565148
0.03586902
0.02663003
0.01793451
0.01032593
0.00217388
-0.00597817
-0.01413022
-0.0217388
-0.02826044
-0.03315167
-0.03749943
-0.04130372
-0.04402107
-0.04619495
-0.04836883
-0.05054271
-0.05271659
-0.054347
-0.05652088
-0.05815129
-0.06086864
-0.06304252
-0.06467293
-0.06630334
-0.06793375
-0.0706511
-0.07282498
-0.07445539
-0.0760858
-0.07717274
-0.07825968
-0.07880315
-0.07934662
-0.07989009
-0.07989009
-0.07934662
-0.07880315
-0.07771621
-0.07662927
-0.07499886
-0.07336845
-0.07119457
-0.06956416
-0.06739028
-0.06575987
-0.06412946
-0.06249905
-0.06141211
-0.06086864
-0.05923823
-0.05652088
-0.05380353
-0.05108618
-0.04782536
-0.04402107
-0.03912984
-0.03369514
-0.02934738
-0.02554309
-0.02282574
-0.01956492
-0.01739104
-0.01521716
-0.01249981
-0.00978246
-0.0054347
-0.00108694
0.00271735
0.00597817
0.00815205
0.01032593
0.01195634
0.01358675
0.0163041
0.01902145
0.02228227
0.02608656
0.03043432
0.03532555
0.04076025
0.04619495
0.05217312
0.05815129
0.06412946
0.0706511
0.07662927
0.08315091
0.08967255
0.09565072
0.10108542
0.10652012
0.11141135
0.11575911
0.11901993
0.12173728
0.12445463
0.12662851
0.12825892
0.12988933
0.13151974
0.13260668
0.13315015
0.13315015
0.13206321
0.12934586
0.12554157
0.12010687
0.11249829
0.1032593
0.0923899
0.07989009
0.06684681
0.05326006
0.04021678
0.02608656
0.0108694
-0.00489123
-0.0217388
-0.03749943
-0.05108618
-0.06141211
-0.06902069
-0.07499886
-0.07989009
-0.08369438
-0.08586826
-0.08586826
-0.08423785
-0.07880315
-0.07010763
-0.05869476
-0.04619495
-0.0326082
-0.01902145
-0.00760858
0.00054347
0.00760858
0.01304328
0.01684757
0.01902145
0.01847798
0.0163041
0.0108694
0.00380429
-0.00489123
-0.01467369
-0.02336921
-0.03043432
-0.03586902
-0.04021678
-0.04402107
-0.04728189
-0.0489123
-0.04999924
-0.05162965
-0.05326006
-0.054347
-0.054347
-0.05326006
-0.05108618
-0.04945577
-0.04836883
-0.04728189
-0.04673842
-0.04619495
-0.04673842
-0.04728189
-0.0489123
-0.05054271
-0.05271659
-0.054347
-0.05543394
-0.05543394
-0.05326006
-0.04945577
-0.04456454
-0.03912984
-0.03315167
-0.02663003
-0.01902145
-0.01141287
-0.00380429
0.00271735
0.00815205
0.0108694
0.01249981
0.01304328
0.01304328
0.01304328
0.01141287
0.00869552
0.00597817
0.00326082
0.00163041
0.00108694
0.00108694
0.00108694
0.00271735
0.00489123
0.00923899
0.01467369
0.02119533
0.02771697
0.03369514
0.03858637
0.04293413
0.04510801
0.04619495
0.04673842
0.04619495
0.04510801
0.0434776
0.04184719
0.03967331
0.03641249
0.03315167
0.03097779
0.02989085
0.02934738
0.02771697
0.02499962
0.02282574
0.01956492
0.01576063
0.00923899
0.00163041
-0.0054347
-0.01195634
-0.01684757
-0.01956492
-0.02065186
-0.02119533
-0.0217388
-0.02119533
-0.02010839
-0.01793451
-0.01521716
-0.01249981
-0.00978246
-0.00652164
-0.00326082
0.00054347
0.00434776
0.00760858
0.01032593
0.01249981
0.01413022
0.01684757
0.02065186
0.02391268
0.02608656
0.02771697
0.02989085
0.03206473
0.03315167
0.03315167
0.03206473
0.02989085
0.02663003
0.02010839
0.01032593
-0.00108694
-0.01304328
-0.0217388
-0.0271735
-0.03206473
-0.03749943
-0.0434776
-0.04836883
-0.05271659
-0.05543394
-0.05760782
-0.05815129
-0.05815129
-0.05760782
-0.05597741
-0.05380353
-0.05054271
-0.04565148
-0.04076025
-0.03695596
-0.03478208
-0.03369514
-0.03423861
-0.03478208
-0.03641249
-0.03858637
-0.04021678
-0.04130372
-0.04239066
-0.04402107
-0.04510801
-0.04619495
-0.04565148
-0.04456454
-0.04293413
-0.03967331
-0.03532555
-0.03043432
-0.02554309
-0.02119533
-0.01793451
-0.01521716
-0.01304328
-0.0108694
-0.00815205
-0.00597817
-0.00380429
-0.00108694
0.00108694
0.00326082
0.00489123
0.00597817
0.00706511
0.00706511
0.00652164
0.00489123
0.00271735
0.00054347
-0.00163041
-0.00271735
-0.00434776
-0.00597817
-0.00760858
-0.00815205
-0.00869552
-0.00815205
-0.00815205
-0.00923899
-0.0108694
-0.01249981
-0.01413022
-0.01413022
-0.01358675
-0.01304328
-0.01304328
-0.01304328
-0.01358675
-0.01413022
-0.01358675
-0.01304328
-0.01195634
-0.01032593
-0.00923899
-0.00706511
-0.00380429
0.00108694
0.00652164
0.01249981
0.01793451
0.02282574
0.02771697
0.03369514
0.03912984
0.04293413
0.04565148
0.04728189
0.04782536
0.0489123
0.0489123
0.0489123
0.04782536
0.04673842
0.04510801
0.04293413
0.04076025
0.03858637
0.03695596
0.03641249
0.03532555
0.03423861
0.0326082
0.03097779
0.02880391
0.0271735
0.02499962
0.0217388
0.01847798
0.01467369
0.00978246
0.00434776
-0.00163041
-0.00706511
-0.01249981
-0.01739104
-0.02065186
-0.0217388
-0.0217388
-0.02119533
-0.02065186
-0.01847798
-0.01576063
-0.01195634
-0.00706511
-0.00326082
0.00054347
0.00434776
0.00760858
0.00978246
0.0108694
0.01141287
0.01195634
0.01195634
0.0108694
0.00923899
0.00760858
0.00652164
0.0054347
0.00489123
0.00434776
0.00489123
0.00597817
0.00706511
0.00760858
0.00923899
0.01032593
0.01195634
0.01249981
0.01304328
0.01358675
0.01358675
0.01358675
0.01304328
0.01195634
0.0108694
0.00923899
0.00760858
0.0054347
0.00380429
0.00217388
0.00054347
-0.00108694
-0.00217388
-0.00217388
-0.00217388
-0.00054347
0.00054347
0.00217388
0.00380429
0.00652164
0.01032593
0.01467369
0.01902145
0.02228227
0.02554309
0.02826044
0.03097779
0.03206473
0.03206473
0.03097779
0.02880391
0.02663003
0.02391268
0.02119533
0.01793451
0.01521716
0.01249981
0.00978246
0.00652164
0.00271735
-0.00108694
-0.00434776
-0.00706511
-0.00923899
-0.01141287
-0.01358675
-0.01467369
-0.01467369
-0.01467369
-0.01304328
-0.01141287
-0.00978246
-0.00815205
-0.00652164
-0.00434776
-0.00217388
0.00054347
0.00326082
0.00760858
0.01195634
0.01521716
0.01793451
0.02065186
0.02282574
0.02499962
0.02608656
0.02608656
0.02608656
0.02554309
0.02445615
0.02282574
0.02065186
0.01739104
0.01413022
0.01195634
0.01032593
0.00978246
0.00923899
0.00978246
0.0108694
0.01195634
0.01358675
0.01521716
0.01684757
0.01956492
0.02119533
0.02336921
0.02499962
0.02663003
0.02771697
0.02826044
0.02880391
0.02826044
0.0271735
0.02663003
0.02554309
0.02391268
0.02228227
0.02065186
0.01956492
0.01902145
0.01793451
0.0163041
0.01358675
0.0108694
0.00760858
0.0054347
0.00271735
0
-0.00217388
-0.00489123
-0.00760858
-0.01032593
-0.01358675
-0.0163041
-0.01956492
-0.02228227
-0.02608656
-0.03043432
-0.03478208
-0.03858637
-0.04130372
-0.04402107
-0.04510801
-0.04565148
-0.04565148
-0.04565148
-0.04510801
-0.04402107
-0.04184719
-0.03967331
-0.03641249
-0.03369514
-0.03043432
-0.02826044
-0.02663003
-0.02554309
-0.02391268
-0.02282574
-0.02119533
-0.02010839
-0.01902145
-0.01847798
-0.01793451
-0.01793451
-0.01847798
-0.01847798
-0.01902145
-0.01902145
-0.01902145
-0.01902145
-0.01902145
-0.01902145
-0.01902145
-0.01847798
-0.01793451
-0.01739104
-0.01739104
-0.01793451
-0.01902145
-0.02010839
-0.0217388
-0.02391268
-0.02499962
-0.02608656
-0.02663003
-0.02608656
-0.02608656
-0.02608656
-0.02554309
-0.02554309
-0.02608656
-0.02663003
-0.02554309
-0.02445615
-0.02391268
-0.02336921
-0.0217388
-0.01956492
-0.01739104
-0.01521716
-0.01304328
-0.0108694
-0.00815205
-0.0054347
-0.00271735
-0.00054347
0.00217388
0.00489123
0.00706511
0.00815205
0.00869552
0.00869552
0.00923899
0.00869552
0.00760858
0.00597817
0.00326082
0.00054347
-0.00271735
-0.0054347
-0.00760858
-0.00869552
-0.00923899
-0.00978246
-0.00923899
-0.00815205
-0.00706511
-0.00489123
-0.00271735
-0.00054347
0.00163041
0.00326082
0.00380429
0.00434776
0.00380429
0.00380429
0.00271735
0
-0.00271735
-0.00652164
-0.0108694
-0.01521716
-0.01956492
-0.02445615
-0.02826044
-0.03097779
-0.0326082
-0.03423861
-0.03586902
-0.03641249
-0.03478208
-0.0326082
-0.02934738
-0.02663003
-0.02391268
-0.02065186
-0.0163041
-0.01304328
-0.00978246
-0.00760858
-0.00489123
-0.00271735
-0.00054347
0.00163041
0.00326082
0.0054347
0.00760858
0.01032593
0.01304328
0.01684757
0.02065186
0.02336921
0.02663003
0.02880391
0.02934738
0.02880391
0.02880391
0.02771697
0.02663003
0.02554309
0.02391268
0.02282574
0.02228227
0.02228227
0.0217388
0.0217388
0.0217388
0.0217388
0.02282574
0.02336921
0.02336921
0.02336921
0.02391268
0.02391268
0.02336921
0.02228227
0.02119533
0.02010839
0.01847798
0.0163041
0.01413022
0.01195634
0.00978246
0.00760858
0.00597817
0.00380429
0.00163041
-0.00054347
-0.00271735
-0.00489123
-0.00652164
-0.00923899
-0.01195634
-0.01413022
-0.01467369
-0.01467369
-0.01521716
-0.01576063
-0.01576063
-0.01576063
-0.01467369
-0.01413022
-0.01249981
-0.01141287
-0.00978246
-0.00869552
-0.00652164
-0.00434776
-0.00108694
0.00163041
0.00489123
0.00815205
0.01195634
0.01576063
0.01956492
0.02391268
0.02826044
0.03206473
0.03532555
0.0380429
0.04021678
0.04130372
0.04184719
0.04239066
0.04184719
0.04076025
0.03912984
0.03749943
0.03532555
0.0326082
0.03043432
0.02771697
0.02499962
0.02228227
0.01847798
0.01467369
0.01032593
0.00652164
0.00217388
-0.00163041
-0.00597817
-0.0108694
-0.01576063
-0.01956492
-0.02282574
-0.02608656
-0.02934738
-0.03152126
-0.03315167
-0.03369514
-0.03369514
-0.03369514
-0.0326082
-0.03152126
-0.02989085
-0.02826044
-0.02608656
-0.02336921
-0.01956492
-0.01521716
-0.01141287
-0.00815205
-0.00489123
-0.00271735
-0.00054347
0.00054347
0.00108694
0.00217388
0.00217388
0.00217388
0.00217388
0.00163041
0.00108694
0.00054347
0
-0.00054347
-0.00108694
-0.00054347
-0.00054347
0
0
0.00054347
0.00163041
0.00271735
0.00326082
0.00326082
0.00380429
0.00434776
0.00489123
0.00434776
0.00326082
0.00271735
0.00271735
0.00271735
0.00217388
0.00163041
0.00108694
0.00054347
0
0.00054347
0.00108694
0.00163041
0.00271735
0.00380429
0.00489123
0.00652164
0.00760858
0.00869552
0.00978246
0.0108694
0.01249981
0.01358675
0.01467369
0.01576063
0.0163041
0.01739104
0.01847798
0.01902145
0.01902145
0.01847798
0.01793451
0.01684757
0.01467369
0.0108694
0.00652164
0.00217388
-0.00217388
-0.00652164
-0.0108694
-0.01521716
-0.01956492
-0.02282574
-0.02445615
-0.02608656
-0.02771697
-0.02880391
-0.02880391
-0.02771697
-0.02608656
-0.02391268
-0.02065186
-0.01739104
-0.01413022
-0.01141287
-0.00923899
-0.00760858
-0.00652164
-0.00652164
-0.00760858
-0.00923899
-0.01141287
-0.01358675
-0.01576063
-0.01739104
-0.01847798
-0.02010839
-0.02065186
-0.02119533
-0.02119533
-0.02119533
-0.02065186
-0.02010839
-0.01902145
-0.01739104
-0.01521716
-0.01304328
-0.01141287
-0.00978246
-0.00869552
-0.00869552
-0.00923899
-0.00978246
-0.01032593
-0.01141287
-0.01195634
-0.01249981
-0.01304328
-0.01358675
-0.01358675
-0.01413022
-0.01467369
-0.01467369
-0.01521716
-0.01521716
-0.01576063
-0.01576063
-0.01467369
-0.01304328
-0.01032593
-0.00760858
-0.00380429
0
0.00434776
0.00815205
0.01249981
0.0163041
0.02065186
0.02336921
0.02554309
0.0271735
0.02880391
0.02989085
0.03097779
0.03097779
0.03097779
0.03097779
0.03043432
0.02989085
0.02880391
0.02663003
0.02499962
0.02282574
0.02065186
0.01793451
0.01576063
0.01413022
0.01304328
0.01195634
0.0108694
0.01032593
0.00978246
0.00978246
0.01032593
0.0108694
0.01141287
0.0108694
0.01032593
0.00978246
0.01032593
0.01141287
0.01249981
0.01358675
0.01467369
0.0163041
0.01847798
0.02010839
0.0217388
0.02282574
0.02391268
0.02445615
0.02554309
0.02554309
0.02445615
0.02228227
0.02010839
0.01793451
0.01521716
0.01304328
0.0108694
0.00869552
0.00760858
0.00652164
0.00597817
0.0054347
0.0054347
0.00597817
0.00652164
0.00706511
0.00869552
0.01032593
0.01141287
0.01304328
0.01413022
0.01521716
0.0163041
0.01684757
0.01684757
0.01793451
0.01847798
0.01956492
0.02010839
0.02010839
0.02010839
0.02010839
0.01956492
0.01739104
0.01521716
0.01195634
0.00923899
0.00597817
0.00326082
0.00163041
-0.00054347
-0.00271735
-0.00434776
-0.00597817
-0.00706511
-0.00815205
-0.00923899
-0.01032593
-0.01195634
-0.01413022
-0.01576063
-0.01739104
-0.01956492
-0.02282574
-0.02554309
-0.02826044
-0.02989085
-0.03152126
-0.03369514
-0.03532555
-0.03641249
-0.03695596
-0.03749943
-0.0380429
-0.0380429
-0.0380429
-0.0380429
-0.0380429
-0.0380429
-0.0380429
-0.03749943
-0.03641249
-0.03586902
-0.03586902
-0.03532555
-0.03478208
-0.03423861
-0.03315167
-0.0326082
-0.03206473
-0.03097779
-0.02934738
-0.0271735
-0.02554309
-0.02336921
-0.02119533
-0.01902145
-0.01576063
-0.01195634
-0.00869552
-0.0054347
-0.00217388
0.00054347
0.00271735
0.00489123
0.00652164
0.00706511
0.00760858
0.00869552
0.00923899
0.00923899
0.00869552
0.00815205
0.00760858
0.00652164
0.00597817
0.00597817
0.00597817
0.00652164
0.00652164
0.00760858
0.00869552
0.00923899
0.00923899
0.00923899
0.00978246
0.01032593
0.0108694
0.01141287
0.01195634
0.01304328
0.01413022
0.01413022
0.01413022
0.01467369
0.01521716
0.01521716
0.01521716
0.01521716
0.01467369
0.01413022
0.01304328
0.01195634
0.0108694
0.00978246
0.00869552
0.00869552
0.00923899
0.00978246
0.0108694
0.01249981
0.01358675
0.01521716
0.01684757
0.01793451
0.01902145
0.02010839
0.02065186
0.02119533
0.02065186
0.02010839
0.01847798
0.0163041
0.01413022
0.0108694
0.00760858
0.00489123
0.00271735
0.00054347
-0.00163041
-0.00326082
-0.00489123
-0.00597817
-0.00652164
-0.00652164
-0.00597817
-0.0054347
-0.00489123
-0.00380429
-0.00217388
-0.00054347
0.00054347
0.00271735
0.00434776
0.00597817
0.00760858
0.00815205
0.00923899
0.01032593
0.01141287
0.01141287
0.0108694
0.01032593
0.0108694
0.0108694
0.01032593
0.00923899
0.00923899
0.00978246
0.0108694
0.01141287
0.01195634
0.01358675
0.01521716
0.0163041
0.01684757
0.01739104
0.01793451
0.01793451
0.01684757
0.01576063
0.01358675
0.01141287
0.00869552
0.00489123
0.00163041
-0.00108694
-0.00380429
-0.00652164
-0.01032593
-0.01413022
-0.01793451
-0.02228227
-0.02663003
-0.02989085
-0.03206473
-0.03315167
-0.03478208
-0.03586902
-0.03586902
-0.03532555
-0.03478208
-0.03369514
-0.03206473
-0.02880391
-0.02499962
-0.02119533
-0.01847798
-0.01576063
-0.01358675
-0.01195634
-0.01032593
-0.00923899
-0.00869552
-0.00815205
-0.00706511
-0.00652164
-0.00597817
-0.00489123
-0.00380429
-0.00271735
-0.00163041
0
0.00217388
0.00380429
0.00434776
0.00434776
0.00380429
0.00326082
0.00217388
0.00163041
0.00054347
-0.00108694
-0.00217388
-0.00271735
-0.00326082
-0.00326082
-0.00380429
-0.00434776
-0.00434776
-0.00434776
-0.00489123
-0.00489123
-0.00489123
-0.00434776
-0.00380429
-0.00326082
-0.00326082
-0.00271735
-0.00217388
-0.00054347
0.00054347
0.00163041
0.00271735
0.00489123
0.00706511
0.00978246
0.01304328
0.01684757
0.02010839
0.02336921
0.02663003
0.02934738
0.03206473
0.03369514
0.03478208
0.03478208
0.03586902
0.03641249
0.03695596
0.03641249
0.03532555
0.03315167
0.03097779
0.02826044
0.02336921
0.01739104
0.0108694
0.00489123
0
-0.00489123
-0.00978246
-0.01413022
-0.01793451
-0.02119533
-0.02445615
-0.0271735
-0.03043432
-0.03315167
-0.03641249
-0.03912984
-0.04130372
-0.04402107
-0.04619495
-0.04836883
-0.04945577
-0.04999924
-0.04945577
-0.0489123
-0.04782536
-0.04510801
-0.04239066
-0.03967331
-0.03695596
-0.03369514
-0.02989085
-0.02663003
-0.02445615
-0.02282574
-0.02065186
-0.01847798
-0.0163041
-0.01413022
-0.01141287
-0.00923899
-0.00706511
-0.00434776
-0.00108694
0.00217388
0.00434776
0.00652164
0.00815205
0.00978246
0.0108694
0.01141287
0.01141287
0.01141287
0.01141287
0.0108694
0.01032593
0.00923899
0.00815205
0.00652164
0.00489123
0.00271735
0.00108694
0
-0.00054347
-0.00054347
-0.00108694
-0.00108694
-0.00163041
-0.00163041
-0.00163041
-0.00108694
-0.00108694
-0.00163041
-0.00271735
-0.00271735
-0.00271735
-0.00326082
-0.00380429
-0.00434776
-0.00434776
-0.00434776
-0.00434776
-0.00434776
-0.00380429
-0.00271735
-0.00108694
0.00054347
0.00326082
0.00597817
0.00815205
0.01032593
0.01304328
0.01521716
0.01847798
0.02119533
0.02282574
0.02445615
0.02554309
0.02663003
0.02771697
0.02771697
0.02771697
0.0271735
0.02608656
0.02499962
0.02336921
0.0217388
0.02010839
0.01847798
0.0163041
0.01521716
0.01467369
0.01358675
0.01249981
0.0108694
0.00923899
0.00869552
0.00760858
0.00652164
0.00434776
0.00271735
0.00108694
0
-0.00163041
-0.00271735
-0.00380429
-0.00380429
-0.00434776
-0.00489123
-0.00434776
-0.00380429
-0.00271735
-0.00217388
-0.00163041
-0.00108694
-0.00054347
-0.00054347
-0.00108694
-0.00271735
-0.00380429
-0.00489123
-0.00652164
-0.00815205
-0.00978246
-0.0108694
-0.01141287
-0.01141287
-0.01141287
-0.01141287
-0.01032593
-0.00923899
-0.00869552
-0.00706511
-0.0054347
-0.00326082
-0.00163041
0
0.00108694
0.00271735
0.00380429
0.00434776
0.00489123
0.00489123
0.00434776
0.00380429
0.00271735
0.00108694
-0.00054347
-0.00217388
-0.00434776
-0.00652164
-0.00815205
-0.00923899
-0.01032593
-0.01141287
-0.01249981
-0.01358675
-0.01521716
-0.0163041
-0.01793451
-0.02010839
-0.0217388
-0.02282574
-0.02445615
-0.02608656
-0.02771697
-0.02934738
-0.03043432
-0.03152126
-0.03152126
-0.03152126
-0.03097779
-0.03043432
-0.02989085
-0.02826044
-0.02608656
-0.02445615
-0.02336921
-0.02228227
-0.0217388
-0.02119533
-0.02119533
-0.02119533
-0.0217388
-0.02282574
-0.02336921
-0.02445615
-0.02608656
-0.0271735
-0.02880391
-0.02934738
-0.02989085
-0.03043432
-0.03043432
-0.02934738
-0.02663003
-0.02282574
-0.01793451
-0.01304328
-0.00869552
-0.00489123
0
0.00489123
0.00923899
0.01413022
0.01847798
0.02228227
0.02499962
0.02771697
0.03043432
0.03315167
0.03586902
0.03749943
0.0380429
0.03858637
0.03967331
0.04021678
0.03967331
0.03912984
0.0380429
0.03749943
0.03695596
0.03641249
0.03641249
0.03641249
0.03641249
0.03641249
0.03641249
0.03641249
0.03695596
0.03641249
0.03532555
0.03423861
0.0326082
0.03097779
0.02934738
0.02663003
0.02336921
0.01847798
0.01358675
0.00815205
0.00380429
0.00054347
-0.00326082
-0.00706511
-0.01032593
-0.01304328
-0.01467369
-0.01521716
-0.01521716
-0.01521716
-0.01521716
-0.01467369
-0.01467369
-0.01467369
-0.01467369
-0.01413022
-0.01358675
-0.01249981
-0.01195634
-0.01141287
-0.01032593
-0.00815205
-0.00597817
-0.00326082
0
0
